sample_id,score,y_member
TCGA-E2-A158-01A-11R-A12D-07,0.3629632579595814,1
TCGA-AO-A1KO-01A-31R-A13Q-07,0.7320810468938348,1
TCGA-AR-A0TX-01A-11R-A084-07,0.9328151016537365,0
TCGA-D8-A1XB-01A-11R-A14D-07,0.8124188221822456,1
TCGA-B6-A0IG-01A-11R-A034-07,0.5400738122570448,1
TCGA-AC-A5EH-01A-11R-A28M-07,0.9510758120608253,1
TCGA-LL-A7SZ-01A-32R-A352-07,0.17131897577780889,1
TCGA-A7-A26J-01A-11R-A169-07,0.578241933885254,1
TCGA-E9-A22H-01A-11R-A157-07,0.8234134302190207,1
TCGA-BH-A208-01A-11R-A157-07,0.9235181835873568,1
TCGA-BH-A6R9-01A-21R-A32P-07,0.7792905974742222,1
TCGA-OL-A5S0-01A-11R-A28M-07,0.6289313981397356,1
TCGA-A1-A0SD-01A-11R-A115-07,0.8356298619473151,1
TCGA-AO-A0JB-01A-11R-A32Y-07,0.8710156212634943,1
TCGA-E2-A1BD-01A-11R-A12P-07,0.7132912805388585,1
TCGA-AN-A0AS-01A-11R-A00Z-07,0.6366251859096703,1
TCGA-A7-A13G-01A-11R-A13Q-07,0.1036714178479739,1
TCGA-B6-A0RS-01A-11R-A084-07,0.885670941857516,1
TCGA-A2-A4S0-01A-21R-A266-07,0.3789284475016579,0
TCGA-BH-A1F5-01A-12R-A13Q-07,0.3173282415036781,1
TCGA-A2-A0CX-01A-21R-A00Z-07,0.9478779417561219,1
TCGA-A7-A13D-01A-13R-A12P-07,0.6798829977452039,0
TCGA-AN-A03Y-01A-21R-A00Z-07,0.811073124857239,1
TCGA-E9-A1ND-01A-11R-A144-07,0.7238883975605477,0
TCGA-EW-A1P5-01A-11R-A144-07,0.6813706389076345,1
TCGA-EW-A423-01A-11R-A24H-07,0.3343235153577109,1
TCGA-A7-A5ZV-01A-11R-A28M-07,0.4290049180293872,1
TCGA-C8-A8HP-01A-11R-A36F-07,0.8428257384021401,1
TCGA-AQ-A54O-01A-11R-A266-07,0.4854489978282404,1
TCGA-E9-A5FK-01A-11R-A27Q-07,0.3464687756475409,1
TCGA-D8-A142-01A-11R-A115-07,0.806809359093742,1
TCGA-BH-A0BC-01A-22R-A084-07,0.8069743278864403,1
TCGA-A2-A0EY-01A-11R-A034-07,0.9119196429181571,1
TCGA-D8-A1J8-01A-11R-A13Q-07,0.7584274909978399,1
TCGA-A8-A06Y-01A-21R-A00Z-07,0.5442754662912439,0
TCGA-EW-A1J1-01A-11R-A13Q-07,0.4505828673775861,1
TCGA-BH-A0C0-01A-21R-A056-07,0.8710567711069576,0
TCGA-AC-A2FK-01A-12R-A180-07,0.8624216908832191,0
TCGA-A2-A3XV-01A-21R-A239-07,0.30444313880554186,0
TCGA-BH-A0HB-01A-11R-A056-07,0.5991072837841008,1
TCGA-AN-A0XL-01A-11R-A10J-07,0.681819273990319,1
TCGA-E2-A10B-01A-11R-A10J-07,0.7539456158619804,1
TCGA-A2-A04X-01A-21R-A034-07,0.8831951040760662,1
TCGA-AR-A1AN-01A-11R-A12P-07,0.6496291888282618,1
TCGA-A2-A0EM-01A-11R-A034-07,0.573084343562756,0
TCGA-B6-A0WS-01A-11R-A115-07,0.6692790118445077,1
TCGA-D8-A1XD-01A-11R-A14D-07,0.37338534400743395,1
TCGA-A8-A091-01A-11R-A00Z-07,0.36934568227030934,1
TCGA-E9-A2JS-01A-11R-A180-07,0.8351068786841437,0
TCGA-A2-A1G1-01A-21R-A13Q-07,0.4573741477656803,1
TCGA-E9-A22B-01A-11R-A157-07,0.622342823054796,0
TCGA-D8-A27G-01A-11R-A16F-07,0.8242289633993248,1
TCGA-A7-A13E-01A-11R-A12P-07,0.6010059122959119,1
TCGA-BH-A0AY-01A-21R-A00Z-07,0.7559394807700942,0
TCGA-E2-A1L7-01A-11R-A144-07,0.8247354533833414,1
TCGA-AN-A046-01A-21R-A034-07,0.6407925957599359,0
TCGA-AN-A0AL-01A-11R-A00Z-07,0.7882293411678298,0
TCGA-D8-A27K-01A-11R-A16F-07,0.7345191242356327,1
TCGA-BH-A0DO-01B-11R-A12D-07,0.6347112502090527,0
TCGA-A7-A4SB-01A-21R-A266-07,0.32288132702914635,0
TCGA-EW-A6SB-01A-12R-A32P-07,0.42718967464031954,1
TCGA-D8-A1JM-01A-11R-A13Q-07,0.4151969921593086,1
TCGA-OL-A66J-01A-11R-A29R-07,0.5797043831938835,1
TCGA-D8-A13Y-01A-11R-A115-07,0.4696046593153011,1
TCGA-AR-A24N-01A-11R-A169-07,0.8555613512959246,1
TCGA-BH-A0B1-01A-12R-A056-07,0.5966364423684563,1
TCGA-B6-A0RN-01A-12R-A084-07,0.7009532689155828,1
TCGA-A2-A0T1-01A-21R-A084-07,0.9104398876441574,1
TCGA-AN-A0AM-01A-11R-A034-07,0.7832131815124084,1
TCGA-E2-A1LA-01A-11R-A144-07,0.6671157512668158,0
TCGA-JL-A3YW-01A-12R-A239-07,0.8766376992654878,0
TCGA-BH-A0H3-01A-11R-A12P-07,0.6883013318188009,1
TCGA-E2-A1IF-01A-11R-A144-07,0.6091041723094296,1
TCGA-C8-A26X-01A-31R-A16F-07,0.8906267732457015,1
TCGA-A8-A09B-01A-11R-A00Z-07,0.7973243688584034,0
TCGA-A7-A26G-01A-21R-A169-07,0.7530691201239853,1
TCGA-AC-A2FE-01A-11R-A19W-07,0.8577562289858399,1
TCGA-A8-A08G-01A-11R-A00Z-07,0.9008717228144747,0
TCGA-AN-A0FJ-01A-11R-A00Z-07,0.4716870335331851,1
TCGA-B6-A0RV-01A-11R-A084-07,0.8622865485266809,1
TCGA-B6-A0WV-01A-11R-A109-07,0.8716843144685102,1
TCGA-A8-A07P-01A-11R-A00Z-07,0.5946307026725637,1
TCGA-A8-A08H-01A-21R-A00Z-07,0.8990409436315552,1
TCGA-AR-A0TW-01A-11R-A084-07,0.40003330666632253,1
TCGA-E2-A15F-01A-11R-A115-07,0.6721959765113815,1
TCGA-B6-A0WX-01A-11R-A109-07,0.8616219082959694,1
TCGA-D8-A1Y1-01A-21R-A14M-07,0.9489278027120402,1
TCGA-E2-A14Z-01A-11R-A115-07,0.7307004910087505,0
TCGA-A2-A25A-01A-12R-A16F-07,0.963158740912863,0
TCGA-A2-A0CT-01A-31R-A056-07,0.5100150657972313,1
TCGA-HN-A2OB-01A-21R-A27Q-07,0.6122370041984461,0
TCGA-B6-A0RT-01A-21R-A084-07,0.7779347224294428,1
TCGA-AR-A24T-01A-11R-A169-07,0.7260704499327346,1
TCGA-E9-A1R0-01A-22R-A16F-07,0.6024161237476305,1
TCGA-E9-A5FL-01A-11R-A27Q-07,0.4193040802008167,1
TCGA-E2-A3DX-01A-21R-A213-07,0.6893496358110694,1
TCGA-E2-A14T-01A-11R-A115-07,0.3658360457944215,1
TCGA-A2-A4RY-01A-31R-A266-07,0.9424980352916746,1
TCGA-AR-A2LK-01A-11R-A180-07,0.9186304938886061,1
TCGA-BH-A42U-01A-12R-A24H-07,0.8654196581470393,1
TCGA-AO-A12C-01A-11R-A10J-07,0.5830693771223354,0
TCGA-A2-A3XY-01A-11R-A239-07,0.7527025315621816,1
TCGA-D8-A73X-01A-11R-A32P-07,0.8035734413426571,1
TCGA-AR-A2LO-01A-31R-A18M-07,0.7242110711014829,1
TCGA-AO-A0JJ-01A-11R-A056-07,0.6635311982951426,0
TCGA-LD-A74U-01A-13R-A33J-07,0.7391255487563656,1
TCGA-AN-A0XN-01A-21R-A109-07,0.6652312966286241,1
TCGA-E2-A107-01A-11R-A10J-07,0.5224202444947335,1
TCGA-A7-A6VV-01A-22R-A33J-07,0.7556012423688313,1
TCGA-AC-A5XS-01A-11R-A29R-07,0.5243763660684394,1
TCGA-BH-A0H6-01A-21R-A056-07,0.6620556499463371,1
TCGA-AC-A23C-01A-12R-A169-07,0.6680241957548353,1
TCGA-E9-A1NH-01A-11R-A14D-07,0.7536300788256803,1
TCGA-D8-A1XW-01A-11R-A14M-07,0.848744565419635,1
TCGA-AO-A0JG-01A-31R-A084-07,0.5644152836260667,0
TCGA-BH-A18N-01A-11R-A12D-07,0.453303622183233,1
TCGA-A1-A0SO-01A-22R-A084-07,0.36667608897243653,0
TCGA-BH-A0B5-01A-11R-A12P-07,0.6341555411971321,0
TCGA-A8-A09T-01A-11R-A00Z-07,0.6955232466224776,1
TCGA-BH-A0BR-01A-21R-A115-07,0.6398538848675555,1
TCGA-D8-A27W-01A-11R-A16F-07,0.7943452328410697,1
TCGA-BH-A0BW-01A-11R-A115-07,0.6449778745016895,1
TCGA-GM-A2DB-01A-31R-A18M-07,0.7834065757696372,0
TCGA-AC-A2QH-01A-11R-A18M-07,0.14898917543933013,1
TCGA-D8-A1JB-01A-11R-A13Q-07,0.6645727555546433,1
TCGA-BH-A1ES-01A-11R-A137-07,0.5320722956357349,1
TCGA-OL-A97C-01A-32R-A41B-07,0.9302139556014072,1
TCGA-A2-A0YF-01A-21R-A109-07,0.6246495406554121,1
TCGA-D8-A1XS-01A-11R-A14M-07,0.933427791181039,1
TCGA-D8-A140-01A-11R-A115-07,0.47595082141979783,1
TCGA-A8-A09Q-01A-11R-A00Z-07,0.8837445610892651,1
TCGA-B6-A0I1-01A-11R-A21T-07,0.5199149795995349,1
TCGA-AO-A0JE-01A-11R-A056-07,0.9341440458007442,1
TCGA-A2-A1FW-01A-11R-A13Q-07,0.5771105733107427,1
TCGA-D8-A1XY-01A-11R-A14M-07,0.6918127677450892,1
TCGA-A2-A04R-01A-41R-A109-07,0.8096760594834005,0
TCGA-A2-A1FX-01A-11R-A13Q-07,0.8788008803315462,1
TCGA-A8-A07W-01A-11R-A00Z-07,0.8026123130060558,1
TCGA-D8-A1XK-01A-21R-A14M-07,0.3886015038137956,1
TCGA-D8-A3Z5-01A-41R-A24H-07,0.3775451873130337,1
TCGA-LL-A5YM-01A-11R-A28M-07,0.3481341411996114,1
TCGA-B6-A0IJ-01A-11R-A034-07,0.5607341578393084,0
TCGA-A8-A06N-01A-11R-A00Z-07,0.3101532806876819,1
TCGA-GM-A2DM-01A-11R-A180-07,0.5188418440404499,1
TCGA-E2-A15D-01A-11R-A115-07,0.7499809397152796,1
TCGA-B6-A1KI-01A-11R-A14M-07,0.5870967433242824,1
TCGA-D8-A1JS-01A-11R-A13Q-07,0.1397649388605933,1
TCGA-PE-A5DD-01A-12R-A27Q-07,0.656034903712839,1
TCGA-BH-A0BG-01A-11R-A115-07,0.7497581842519282,1
TCGA-LL-A6FQ-01A-11R-A31O-07,0.13303896780670058,0
TCGA-E2-A1IN-01A-11R-A13Q-07,0.8323664783189191,1
TCGA-A8-A06T-01A-11R-A00Z-07,0.4088144707557564,1
TCGA-B6-A402-01A-11R-A239-07,0.5997930768053851,1
TCGA-E2-A9RU-01A-11R-A41B-07,0.604974847621689,1
TCGA-A2-A3XW-01A-11R-A239-07,0.7469885700147111,1
TCGA-B6-A0RU-01A-11R-A084-07,0.81426911510869,0
TCGA-A8-A086-01A-11R-A00Z-07,0.7522647528728343,1
TCGA-B6-A40C-01A-11R-A239-07,0.4959206225376464,1
TCGA-D8-A1JF-01A-11R-A13Q-07,0.8280799764310065,1
TCGA-A2-A0T6-01A-11R-A084-07,0.655978989103791,1
TCGA-BH-A1FG-01A-11R-A13Q-07,0.4505928788357085,0
TCGA-GM-A3NY-01A-11R-A21T-07,0.40132495787503275,1
TCGA-AN-A0AK-01A-21R-A00Z-07,0.6599119905494147,1
TCGA-BH-A1FC-01A-11R-A13Q-07,0.5529057692161216,1
TCGA-E9-A227-01A-11R-A157-07,0.7178003538208488,1
TCGA-BH-A18P-01A-11R-A12D-07,0.9590720070195579,1
TCGA-E2-A15R-01A-11R-A115-07,0.25670102858519395,1
TCGA-BH-A0WA-01A-11R-A109-07,0.7309272373087108,0
TCGA-BH-A42T-01A-11R-A24H-07,0.7955678266809046,1
TCGA-AC-A23H-01A-11R-A157-07,0.8849363847239153,1
TCGA-OL-A66I-01A-21R-A29R-07,0.6924824032470784,1
TCGA-S3-AA17-01A-11R-A41B-07,0.8912031383473243,1
TCGA-AR-A1AL-01A-21R-A12P-07,0.628673999729222,0
TCGA-AC-A2B8-01A-11R-A17B-07,0.8278355013026522,1
TCGA-D8-A1XO-01A-11R-A14M-07,0.6184085095662331,1
TCGA-C8-A26Y-01A-11R-A16F-07,0.8318109656705118,1
TCGA-BH-A0DG-01A-21R-A12P-07,0.7772479942096235,1
TCGA-E9-A243-01A-21R-A169-07,0.7517068992173384,1
TCGA-A2-A04W-01A-31R-A115-07,0.8381448923800034,1
TCGA-A8-A09G-01A-21R-A00Z-07,0.8949690370025395,1
TCGA-BH-A0DI-01A-21R-A12P-07,0.7403962738328539,1
TCGA-E2-A152-01A-11R-A12D-07,0.9350441852767081,1
TCGA-AQ-A7U7-01A-22R-A352-07,0.6170701492638546,1
TCGA-BH-A0BZ-01A-31R-A12P-07,0.8296234429723348,1
TCGA-EW-A1OV-01A-11R-A144-07,0.9017525891812538,1
TCGA-A8-A0A7-01A-11R-A00Z-07,0.9372641063109872,1
TCGA-BH-A1EN-01A-11R-A13Q-07,0.7751178469579928,1
TCGA-E2-A1IE-01A-11R-A13Q-07,0.5318256460103087,1
TCGA-BH-A0HW-01A-11R-A034-07,0.6987553886148542,1
TCGA-BH-A0BJ-01A-11R-A056-07,0.7478250932744541,1
TCGA-AO-A03N-01B-11R-A10J-07,0.7905098138186734,1
TCGA-EW-A1P3-01A-11R-A144-07,0.6454019018924604,1
TCGA-B6-A0I2-01A-11R-A034-07,0.5810751118052141,0
TCGA-EW-A1PD-01A-11R-A144-07,0.7291654059973024,1
TCGA-B6-A0IH-01A-11R-A115-07,0.6136748594862625,0
TCGA-E2-A15M-01A-11R-A12D-07,0.6920964533589237,1
TCGA-BH-A0H9-01A-11R-A056-07,0.5907927186648623,0
TCGA-BH-A0HL-01A-11R-A10U-07,0.20957751859382712,0
TCGA-A8-A07G-01A-11R-A034-07,0.7318095834369523,1
TCGA-E2-A1IL-01A-11R-A14D-07,0.561977995494066,1
TCGA-AR-A0U4-01A-11R-A109-07,0.6087386020569033,1
TCGA-D8-A147-01A-11R-A115-07,0.6929841943238744,1
TCGA-BH-A0HY-01A-11R-A056-07,0.8282027393188743,1
TCGA-D8-A1XT-01A-11R-A14M-07,0.8840340303056164,0
TCGA-E2-A14W-01A-11R-A12D-07,0.7971399631020735,1
TCGA-E9-A1RB-01A-11R-A157-07,0.8496637424927809,1
TCGA-LL-A5YL-01A-12R-A29R-07,0.4560527046793849,0
TCGA-WT-AB41-01A-11R-A41B-07,0.1474434583339139,1
TCGA-A8-A09Z-01A-11R-A00Z-07,0.6667481940834875,0
TCGA-AN-A0FX-01A-11R-A034-07,0.8023762862152446,1
TCGA-B6-A409-01A-11R-A24H-07,0.6248604666612094,1
TCGA-EW-A1PG-01A-11R-A144-07,0.8832589214665728,1
TCGA-OL-A6VR-01A-32R-A33J-07,0.45252786382314064,1
TCGA-BH-A1FN-01A-11R-A13Q-07,0.7990605780479211,1
TCGA-AR-A2LR-01A-12R-A18M-07,0.5901209065348622,1
TCGA-A7-A5ZX-01A-12R-A29R-07,0.5625849788476956,1
TCGA-LL-A73Y-01A-11R-A33J-07,0.8190324604377348,1
TCGA-A2-A25D-01A-12R-A16F-07,0.5875382511180796,0
TCGA-BH-A0C7-01B-11R-A115-07,0.8798247507765619,1
TCGA-E2-A570-01A-11R-A29R-07,0.775375503327921,1
TCGA-BH-A1FL-01A-11R-A13Q-07,0.6748148784776133,1
TCGA-A1-A0SG-01A-11R-A144-07,0.6317655527121739,1
TCGA-A8-A07U-01A-11R-A034-07,0.7382328133044276,0
TCGA-E2-A15L-01A-11R-A12D-07,0.6488842521965025,1
TCGA-E9-A1R4-01A-21R-A14D-07,0.9015470523958586,0
TCGA-AR-A0TS-01A-11R-A115-07,0.7521208579903548,1
TCGA-E2-A10F-01A-11R-A10J-07,0.8852657241965922,1
TCGA-AO-A128-01A-11R-A10J-07,0.6571414399674672,1
TCGA-AR-A0U3-01A-11R-A109-07,0.46375646779955876,1
TCGA-BH-A0DL-01A-11R-A115-07,0.6220507736868661,1
TCGA-A7-A0D9-01A-31R-A056-07,0.4011049625600053,1
TCGA-AN-A0FD-01A-11R-A034-07,0.6045617138693451,1
TCGA-A2-A0YK-01A-22R-A109-07,0.9510840851043513,1
TCGA-BH-A1FH-01A-12R-A13Q-07,0.5473748381657756,1
TCGA-C8-A12T-01A-11R-A115-07,0.930868091630128,1
TCGA-B6-A2IU-01A-32R-A18M-07,0.5882650484115536,1
TCGA-4H-AAAK-01A-12R-A41B-07,0.7945835433348234,1
TCGA-E2-A1IU-01A-11R-A14D-07,0.6555399383869717,0
TCGA-3C-AALK-01A-11R-A41B-07,0.7793610362568919,1
TCGA-D8-A27M-01A-11R-A16F-07,0.7290934882520037,1
TCGA-E2-A56Z-01A-12R-A29R-07,0.7976556866393537,1
TCGA-AO-A1KQ-01A-11R-A13Q-07,0.8949405772485179,1
TCGA-AR-A2LE-01A-11R-A180-07,0.3630351012044666,1
TCGA-E2-A1BC-01A-11R-A12P-07,0.4473351754246945,1
TCGA-BH-A0E6-01A-11R-A034-07,0.6627826416774443,1
TCGA-AO-A0J2-01A-11R-A034-07,0.7877756713651797,1
TCGA-A7-A6VX-01A-12R-A33J-07,0.9135413515791928,0
TCGA-E2-A1LI-01A-12R-A157-07,0.6653788790119047,0
TCGA-AR-A1AT-01A-11R-A12P-07,0.9429401426192068,1
TCGA-A7-A426-01A-22R-A24H-07,0.5349876392148583,1
TCGA-A2-A25C-01A-11R-A169-07,0.8386155570952459,1
TCGA-B6-A0RL-01A-11R-A084-07,0.40780451979671234,1
TCGA-OK-A5Q2-01A-11R-A27Q-07,0.8141430455320267,1
TCGA-E9-A244-01A-11R-A169-07,0.6184710905709576,1
TCGA-E9-A1R6-01A-11R-A14D-07,0.5497475162361541,1
TCGA-BH-A8G0-01A-11R-A352-07,0.6344628629898059,1
TCGA-EW-A1IZ-01A-11R-A13Q-07,0.4766286645699227,0
TCGA-AO-A0J5-01A-11R-A034-07,0.7497344260426687,1
TCGA-E2-A1AZ-01A-11R-A12P-07,0.7117646142236996,1
TCGA-B6-A0RE-01A-11R-A056-07,0.6831725447332916,1
TCGA-A7-A4SE-01A-11R-A266-07,0.7028153127759461,0
TCGA-LL-A740-01A-21R-A32P-07,0.49640378282719905,1
TCGA-A8-A07R-01A-21R-A034-07,0.504552135988222,0
TCGA-S3-AA10-01A-21R-A41B-07,0.5475003529444489,1
TCGA-A7-A4SF-01A-11R-A266-07,0.7821329450004282,0
TCGA-A7-A0CG-01A-12R-A056-07,0.6822014366288376,0
TCGA-E2-A1LS-01A-12R-A157-07,0.3971993245593085,1
TCGA-AR-A24P-01A-11R-A169-07,0.761909329269818,0
TCGA-E9-A54Y-01A-11R-A466-07,0.1308377513707852,1
TCGA-AO-A0JA-01A-11R-A056-07,0.7410583606167033,1
TCGA-A8-A08A-01A-11R-A32Y-07,0.6125208419023621,1
TCGA-AR-A24V-01A-21R-A169-07,0.5682616600395796,1
TCGA-A2-A0CO-01A-13R-A22K-07,0.4293332603135585,1
TCGA-E2-A15I-01A-21R-A137-07,0.42571748883529964,0
TCGA-A2-A0SU-01A-11R-A084-07,0.6068550408273808,0
TCGA-AC-A3OD-01A-11R-A21T-07,0.2500140563044306,1
TCGA-AC-A3YJ-01A-11R-A22U-07,0.23158095974746784,0
TCGA-AR-A0TZ-01A-12R-A084-07,0.49944602425601137,1
TCGA-A2-A0D3-01A-11R-A115-07,0.4824977435717654,1
TCGA-BH-A18L-01A-32R-A12D-07,0.7208293030493371,1
TCGA-EW-A2FW-01A-11R-A17B-07,0.7138708724589544,1
TCGA-A2-A0YL-01A-21R-A109-07,0.701242089303868,1
TCGA-E9-A54X-01A-11R-A266-07,0.707557142810445,1
TCGA-BH-A18F-01A-11R-A12D-07,0.8015707603108487,1
TCGA-W8-A86G-01A-21R-A36F-07,0.5063223128994175,1
TCGA-A8-A08T-01A-21R-A00Z-07,0.6884588188855558,1
TCGA-BH-A1EX-01A-11R-A13Q-07,0.6246339683550757,0
TCGA-A8-A08O-01A-21R-A056-07,0.7142399553722067,0
TCGA-AC-A6IX-01A-12R-A32P-07,0.8697124548663135,1
TCGA-C8-A27B-01A-11R-A169-07,0.49857778321185625,1
TCGA-PL-A8LZ-01A-31R-A36F-07,0.7723767259396598,1
TCGA-AR-A1AQ-01A-11R-A12P-07,0.7477806727338555,1
TCGA-BH-A1FU-01A-11R-A14D-07,0.9396220793025821,1
TCGA-A2-A0SY-01A-31R-A084-07,0.8268919962227121,1
TCGA-BH-A1EW-01A-11R-A137-07,0.6514117747136198,1
TCGA-GM-A3NW-01A-21R-A22K-07,0.620522142717091,0
TCGA-BH-A0W4-01A-11R-A109-07,0.7788064114855898,1
TCGA-AR-A1AS-01A-11R-A12P-07,0.5142841872366832,0
TCGA-EW-A1J6-01A-11R-A13Q-07,0.6208244544079272,1
TCGA-AC-A6NO-01A-12R-A33J-07,0.5530456397170459,1
TCGA-A7-A0CE-01A-11R-A00Z-07,0.6771222914820318,0
TCGA-BH-A6R8-01A-21R-A33J-07,0.2414633732949263,1
TCGA-EW-A1OY-01A-11R-A144-07,0.8876357453787406,1
TCGA-BH-A0BS-01A-11R-A12P-07,0.4804936833170941,0
TCGA-A7-A6VY-01A-12R-A33J-07,0.7309801542411063,1
TCGA-A2-A0CK-01A-11R-A22K-07,0.6398328395472646,0
TCGA-AO-A12H-01A-11R-A115-07,0.4472805161921661,0
TCGA-C8-A12L-01A-11R-A115-07,0.8286177262653002,1
TCGA-A1-A0SQ-01A-21R-A144-07,0.37239239464459917,1
TCGA-A7-A56D-01A-11R-A27Q-07,0.07129878131662254,1
TCGA-A8-A09I-01A-22R-A034-07,0.8835662167430881,1
TCGA-BH-A0DH-01A-11R-A084-07,0.4496954008581897,1
TCGA-B6-A0X0-01A-21R-A115-07,0.6078658586215695,1
TCGA-S3-AA12-01A-11R-A41B-07,0.3138988982282988,1
TCGA-E2-A159-01A-11R-A115-07,0.8442804038377393,1
TCGA-D8-A27V-01A-12R-A17B-07,0.6127669221666909,1
TCGA-D8-A1JT-01A-31R-A13Q-07,0.48108097644588343,1
TCGA-C8-A138-01A-11R-A115-07,0.9232296396756299,1
TCGA-AO-A0J6-01A-11R-A034-07,0.6263975927544145,1
TCGA-AR-A24R-01A-11R-A169-07,0.8610395680291444,1
TCGA-AR-A0TY-01A-12R-A115-07,0.6907197614009601,1
TCGA-E9-A1QZ-01A-21R-A169-07,0.557567296536123,1
TCGA-AR-A24W-01A-11R-A169-07,0.33314907867620036,0
TCGA-LL-A5YP-01A-21R-A28M-07,0.7449083178432743,1
TCGA-B6-A0WY-01A-11R-A109-07,0.7471032715608611,1
TCGA-GM-A2DC-01A-11R-A18M-07,0.24095222875029013,1
TCGA-A2-A4S2-01A-12R-A266-07,0.6645450983515191,1
TCGA-A8-A09X-01A-11R-A00Z-07,0.885577401027435,1
TCGA-OL-A5RV-01A-12R-A28M-07,0.699743619911945,1
TCGA-E2-A14P-01A-31R-A12D-07,0.7688934683271522,1
TCGA-C8-A8HQ-01A-11R-A36F-07,0.9208460334064301,1
TCGA-AR-A0TP-01A-11R-A084-07,0.6115215601180233,1
TCGA-A8-A09A-01A-11R-A00Z-07,0.6518631828048992,1
TCGA-A8-A08L-01A-11R-A00Z-07,0.8851098902850765,1
TCGA-A8-A08F-01A-11R-A00Z-07,0.8271801418370931,1
TCGA-GI-A2C9-01A-11R-A21T-07,0.8065165548687264,1
TCGA-A2-A0SW-01A-11R-A084-07,0.8559499272835805,1
TCGA-LD-A7W5-01A-22R-A352-07,0.4816973030545779,0
TCGA-D8-A27R-01A-11R-A16F-07,0.8607735497897999,1
TCGA-AO-A0JM-01A-21R-A056-07,0.9099958703985999,1
TCGA-GM-A2D9-01A-11R-A18M-07,0.698910009900641,1
TCGA-D8-A1XU-01A-11R-A14M-07,0.6995601267526568,1
TCGA-AO-A1KT-01A-11R-A13Q-07,0.9238594740341003,1
TCGA-C8-A12P-01A-11R-A115-07,0.8552387909447013,1
TCGA-LL-A6FR-01A-12R-A31O-07,0.36423428559381954,0
TCGA-AR-A1AJ-01A-21R-A12P-07,0.7340728841933664,1
TCGA-A8-A09D-01A-11R-A00Z-07,0.6517566291401079,1
TCGA-S3-A6ZF-01A-32R-A32P-07,0.9409314164404364,0
TCGA-E2-A150-01A-11R-A12D-07,0.6949560462041838,1
TCGA-BH-A18U-01A-21R-A12D-07,0.8813675428715518,1
TCGA-BH-A0GY-01A-11R-A056-07,0.6353396310792934,1
TCGA-AQ-A54N-01A-11R-A266-07,0.3270694965263949,1
TCGA-C8-A273-01A-11R-A16F-07,0.5077925961610631,1
TCGA-S3-AA14-01A-11R-A41B-07,0.5804524868692704,1
TCGA-A7-A2KD-01A-31R-A21T-07,0.8724777495036429,1
TCGA-C8-A131-01A-11R-A115-07,0.7673442010628289,1
TCGA-E2-A576-01A-11R-A31O-07,0.22976560137173915,1
TCGA-A2-A0T4-01A-31R-A084-07,0.8723841616047047,1
TCGA-A2-A04V-01A-21R-A034-07,0.7390910005983851,0
TCGA-AR-A0U0-01A-11R-A109-07,0.6065554538165994,1
TCGA-BH-A0BO-01A-23R-A12D-07,0.29349997978236714,1
TCGA-A2-A3KC-01A-11R-A213-07,0.7829720899243339,0
TCGA-BH-A18T-01A-11R-A12D-07,0.5096764671001888,0
TCGA-EW-A1J2-01A-21R-A13Q-07,0.7480852937972019,1
TCGA-A8-A084-01A-21R-A00Z-07,0.8578947037537237,1
TCGA-A8-A08X-01A-21R-A00Z-07,0.9242425039159473,1
TCGA-GM-A2DH-01A-11R-A180-07,0.8923249027679782,1
TCGA-D8-A27L-01A-11R-A16F-07,0.8016820737798764,1
TCGA-A7-A3IZ-01A-11R-A213-07,0.4650386597695288,1
TCGA-AN-A04D-01A-21R-A034-07,0.4728665912448863,1
TCGA-5L-AAT0-01A-12R-A41B-07,0.7472395612548354,1
TCGA-AR-A1AU-01A-11R-A12P-07,0.6899509979743657,1
TCGA-AC-A6IV-01A-12R-A33J-07,0.7060129308528912,1
TCGA-E2-A15C-01A-31R-A12D-07,0.6453974373000444,1
TCGA-AO-A1KP-01A-11R-A13Q-07,0.7049873166754997,1
TCGA-E2-A15G-01A-11R-A12D-07,0.6672834839074991,1
TCGA-A2-A3KD-01A-12R-A213-07,0.7792149815617984,0
TCGA-D8-A1X5-01A-11R-A14D-07,0.8604062307863753,1
TCGA-AQ-A04L-01B-21R-A10J-07,0.3080991933026165,1
TCGA-A8-A096-01A-11R-A00Z-07,0.9381895546466279,1
TCGA-A2-A0YH-01A-11R-A109-07,0.932854648292607,1
TCGA-AN-A0FW-01A-11R-A034-07,0.5217338660696321,1
TCGA-D8-A27H-01A-11R-A16F-07,0.6354049991059489,0
TCGA-OL-A6VQ-01A-12R-A41B-07,0.5819287227612306,1
TCGA-A7-A4SA-01A-11R-A266-07,0.5345189649451448,0
TCGA-C8-A274-01A-11R-A16F-07,0.9228643203127148,1
TCGA-E2-A15J-01A-11R-A12P-07,0.6021336903493393,1
TCGA-BH-A0B3-01A-11R-A056-07,0.7833488156182341,1
TCGA-E2-A153-01A-12R-A12D-07,0.8215346902703626,1
TCGA-WT-AB44-01A-11R-A41B-07,0.26149130427935335,1
TCGA-B6-A0RQ-01A-11R-A115-07,0.9290515509171496,1
TCGA-A2-A0YM-01A-11R-A109-07,0.48426517986455775,1
TCGA-C8-A1HI-01A-11R-A137-07,0.6944105677088205,1
TCGA-AC-A3TM-01A-11R-A22K-07,0.3023220068399768,1
TCGA-A7-A0CD-01A-11R-A00Z-07,0.34217684923702646,0
TCGA-D8-A145-01A-11R-A115-07,0.689174204864729,1
TCGA-BH-A0EB-01A-11R-A034-07,0.6579164078189618,1
TCGA-AR-A0TV-01A-21R-A084-07,0.6220679999886406,1
TCGA-E2-A15P-01A-11R-A115-07,0.6369031557969189,1
TCGA-A2-A04T-01A-21R-A034-07,0.6032075127201306,1
TCGA-E9-A2JT-01A-22R-A18M-07,0.3883835418762706,1
TCGA-OL-A5RW-01A-11R-A28M-07,0.4660307419247517,0
TCGA-PL-A8LV-01A-21R-A41B-07,0.6290514747503885,1
TCGA-BH-A18M-01A-11R-A12D-07,0.8225692907948094,1
TCGA-D8-A27N-01A-11R-A16F-07,0.8539546612241833,1
TCGA-C8-A3M8-01A-11R-A213-07,0.8956744376296325,1
TCGA-B6-A0WW-01A-11R-A109-07,0.9298725811133678,1
TCGA-E9-A3X8-01A-31R-A22U-07,0.1660070460873445,1
TCGA-C8-A133-01A-32R-A12D-07,0.21133834042896357,0
TCGA-D8-A1X6-01A-11R-A14M-07,0.7084229145819817,1
TCGA-A2-A04P-01A-31R-A034-07,0.6211013475639463,1
TCGA-E9-A1N3-01A-12R-A157-07,0.29443800145308424,1
TCGA-AN-A0XP-01A-11R-A109-07,0.5896395654312375,1
TCGA-E2-A1LK-01A-21R-A14D-07,0.4078238983050577,0
TCGA-C8-A132-01A-31R-A115-07,0.7155996791361262,1
TCGA-PE-A5DE-01A-11R-A27Q-07,0.5891426372466759,1
TCGA-EW-A6SC-01A-12R-A32P-07,0.7268313628404391,1
TCGA-BH-A0EI-01A-11R-A115-07,0.7304842788799669,1
TCGA-A8-A08I-01A-11R-A00Z-07,0.7467157329040617,0
TCGA-AO-A124-01A-11R-A10J-07,0.5602993736021631,0
TCGA-AN-A0XR-01A-11R-A109-07,0.7799680344790202,1
TCGA-BH-A204-01A-11R-A157-07,0.48014545013246257,0
TCGA-AN-A0FF-01A-11R-A034-07,0.9383001072675173,1
TCGA-A2-A0T3-01A-21R-A115-07,0.8095504879574155,1
TCGA-B6-A0RI-01A-11R-A056-07,0.7562777894286783,1
TCGA-AO-A03R-01A-21R-A034-07,0.8809577451650721,1
TCGA-E9-A1RA-01A-11R-A14D-07,0.7850821798050427,1
TCGA-AN-A0XV-01A-11R-A109-07,0.7535128283989087,1
TCGA-E9-A1RI-01A-11R-A169-07,0.6684269133765605,1
TCGA-A8-A07J-01A-11R-A00Z-07,0.610226168258832,0
TCGA-AC-A6IW-01A-12R-A33J-07,0.5270419267618444,1
TCGA-3C-AALJ-01A-31R-A41B-07,0.697935509481841,1
TCGA-AN-A0XS-01A-22R-A109-07,0.6600319585921488,1
TCGA-E9-A226-01A-21R-A157-07,0.7994874643228105,1
TCGA-C8-A12K-01A-21R-A115-07,0.7194849640227049,0
TCGA-BH-A202-01A-11R-A14M-07,0.8803328598691632,0
TCGA-OL-A66H-01A-11R-A29R-07,0.4923711758009518,1
TCGA-E9-A1N9-01A-11R-A14D-07,0.8071480006469713,0
TCGA-A2-A0T2-01A-11R-A084-07,0.6371414583752137,1
TCGA-BH-A18H-01A-11R-A12D-07,0.49943478607170366,1
TCGA-UU-A93S-01A-21R-A41B-07,0.5722483110866285,1
TCGA-B6-A0RO-01A-22R-A084-07,0.3618159869830433,1
TCGA-E2-A10E-01A-21R-A10J-07,0.7869119208240609,1
TCGA-A7-A4SC-01A-12R-A266-07,0.685227484992103,1
TCGA-B6-A0WZ-01A-11R-A109-07,0.5569269775210839,1
TCGA-A7-A6VW-01A-21R-A33J-07,0.506525440461044,1
TCGA-E2-A1B5-01A-21R-A12P-07,0.5512567747600193,1
TCGA-A8-A092-01A-11R-A00Z-07,0.9006140447101603,1
TCGA-C8-A1HK-01A-21R-A13Q-07,0.8163576312687961,1
TCGA-BH-A0W3-01A-11R-A109-07,0.7903833089462047,1
TCGA-A7-A0CH-01A-21R-A00Z-07,0.6543569931058132,1
TCGA-AR-A1AX-01A-11R-A12P-07,0.6662867803886063,1
TCGA-EW-A1P0-01A-11R-A144-07,0.8291218797381337,1
TCGA-E9-A1NI-01A-11R-A14D-07,0.9144407115414154,1
TCGA-AO-A12E-01A-11R-A10J-07,0.6084137556391798,1
TCGA-D8-A1XJ-01A-11R-A14M-07,0.9026371614401835,1
TCGA-B6-A0I6-01A-11R-A034-07,0.6995109586305146,1
TCGA-E9-A1RH-01A-21R-A169-07,0.6411817392452343,1
TCGA-BH-A18Q-01A-12R-A12D-07,0.7362594055276377,1
TCGA-AO-A0JI-01A-21R-A056-07,0.48210041009707433,1
TCGA-A2-A0CL-01A-11R-A115-07,0.923023688354407,1
TCGA-E2-A155-01A-11R-A12D-07,0.602626178519491,1
TCGA-B6-A0I8-01A-11R-A034-07,0.5453480077796178,0
TCGA-E2-A14X-01A-11R-A115-07,0.7520929501261072,0
TCGA-AC-A3YI-01A-21R-A239-07,0.9264527591291449,1
TCGA-AR-A1AI-01A-11R-A12P-07,0.45672607686686323,1
TCGA-D8-A1JK-01A-11R-A13Q-07,0.8477735197913978,1
TCGA-BH-A0C3-01A-21R-A12P-07,0.9285701167484721,1
TCGA-A8-A09C-01A-11R-A00Z-07,0.9194677441728334,1
TCGA-LL-A50Y-01A-11R-A266-07,0.33592217468269775,1
TCGA-BH-A0B0-01A-21R-A115-07,0.8238465993161765,0
TCGA-OL-A66L-01A-12R-A31O-07,0.1918975719780511,1
TCGA-BH-A0AW-01A-11R-A056-07,0.935490061863361,1
TCGA-D8-A1X8-01A-11R-A14M-07,0.6424575580276123,1
TCGA-D8-A1JE-01A-11R-A13Q-07,0.810971412300867,1
TCGA-BH-A1EO-01A-11R-A137-07,0.6300491592398761,1
TCGA-BH-A0HU-01A-11R-A034-07,0.8705063400828819,1
TCGA-BH-A0H7-01A-13R-A056-07,0.6522841980172049,1
TCGA-E9-A22D-01A-11R-A157-07,0.8037391188076864,1
TCGA-3C-AAAU-01A-11R-A41B-07,0.3399565589824352,1
TCGA-BH-A1FJ-01A-11R-A13Q-07,0.8478311340493451,1
TCGA-A8-A06P-01A-11R-A00Z-07,0.8121294768901391,1
TCGA-A2-A25B-01A-11R-A169-07,0.847136895382109,1
TCGA-AC-A2BM-01A-11R-A21T-07,0.8417560576115527,1
TCGA-E9-A6HE-01A-11R-A31O-07,0.4670656491409643,1
TCGA-AO-A03O-01A-11R-A00Z-07,0.7696633601963478,1
TCGA-A2-A0EU-01A-22R-A056-07,0.6546566764463857,1
TCGA-A8-A06O-01A-11R-A00Z-07,0.908667735050208,1
TCGA-BH-A0BT-01A-11R-A12P-07,0.4429035371517378,1
TCGA-A2-A0YT-01A-11R-A109-07,0.8332118546874209,1
TCGA-E2-A14R-01A-11R-A115-07,0.5413549177857734,1
TCGA-B6-A0IC-01A-11R-A034-07,0.20185640271273195,0
TCGA-AC-A5XU-01A-11R-A28M-07,0.40448868888687645,1
TCGA-AR-A250-01A-31R-A169-07,0.9053595621625078,0
TCGA-D8-A1XZ-01A-11R-A14M-07,0.8532217812787781,1
TCGA-B6-A0I9-01A-11R-A034-07,0.8692704735110415,1
TCGA-B6-A0IA-01A-11R-A034-07,0.14001984524967476,1
TCGA-E2-A14N-01A-31R-A137-07,0.4915793266878337,0
TCGA-PL-A8LY-01A-11R-A41B-07,0.9036596530091779,1
TCGA-LL-A441-01A-11R-A24H-07,0.9101612062789874,1
TCGA-A8-A08S-01A-11R-A034-07,0.8741409211124812,0
TCGA-A8-A09V-01A-11R-A034-07,0.41248199821611975,1
TCGA-BH-A209-01A-11R-A157-07,0.8426763664800917,1
TCGA-GM-A5PX-01A-12R-A28M-07,0.5428552073634082,1
TCGA-A8-A085-01A-11R-A00Z-07,0.7608415147892226,1
TCGA-A2-A25E-01A-11R-A169-07,0.8763725431595938,0
TCGA-D8-A1JG-01B-11R-A13Q-07,0.874456421570619,1
TCGA-AC-A2FO-01A-11R-A180-07,0.7489031992556701,1
TCGA-B6-A3ZX-01A-11R-A239-07,0.7609433014138606,1
TCGA-AN-A0FT-01A-11R-A034-07,0.4711640081442001,1
TCGA-AQ-A04H-01B-11R-A10J-07,0.7349392991023911,1
TCGA-AR-A1AR-01A-31R-A137-07,0.5445465489306325,1
TCGA-A2-A0CS-01A-11R-A115-07,0.7178072877363298,1
TCGA-A2-A1FZ-01A-51R-A14D-07,0.7200537869766033,1
TCGA-AC-A8OQ-01A-11R-A41B-07,0.7294820635301129,1
TCGA-AR-A0TR-01A-11R-A084-07,0.16008607461172106,1
TCGA-C8-A12M-01A-11R-A115-07,0.4401833704305563,1
TCGA-A1-A0SM-01A-11R-A084-07,0.6953881928202056,1
TCGA-BH-A1ET-01A-11R-A137-07,0.5554322673086086,1
TCGA-A8-A0A1-01A-11R-A00Z-07,0.8270987775683434,1
TCGA-C8-A1HG-01A-11R-A137-07,0.6927179181488607,1
TCGA-E9-A1NF-01A-11R-A14D-07,0.9319615247878812,1
TCGA-A2-A0D4-01A-11R-A00Z-07,0.7056049419825946,1
TCGA-BH-A2L8-01A-11R-A18M-07,0.7902069726155263,1
TCGA-A8-A093-01A-11R-A00Z-07,0.7170824427056343,1
TCGA-D8-A1Y3-01A-11R-A157-07,0.46841735126085304,1
TCGA-AR-A1AY-01A-21R-A12P-07,0.5404236146026021,1
TCGA-AO-A12F-01A-11R-A115-07,0.6969413348087427,1
TCGA-AN-A0FL-01A-11R-A034-07,0.5003693172466143,1
TCGA-AR-A0TQ-01A-11R-A084-07,0.8172275266290026,1
TCGA-A2-A0CP-01A-11R-A034-07,0.6654078604037315,0
TCGA-AO-A129-01A-21R-A10J-07,0.7916659581553737,1
TCGA-D8-A1JH-01A-11R-A13Q-07,0.7857713579106708,1
TCGA-BH-A18K-01A-11R-A12D-07,0.8650836256049891,1
TCGA-B6-A0IM-01A-11R-A034-07,0.5899517797042813,1
TCGA-AO-A0J4-01A-11R-A034-07,0.7754683300445888,0
TCGA-AR-A1AW-01A-21R-A12P-07,0.8274364702301078,1
TCGA-AC-A62Y-01A-11R-A29R-07,0.7033155527545177,0
TCGA-A1-A0SH-01A-11R-A084-07,0.689330647597748,1
TCGA-A8-A08C-01A-11R-A00Z-07,0.4006049992131908,1
TCGA-A2-A3XU-01A-12R-A22U-07,0.2344957904652887,1
TCGA-E2-A1LB-01A-11R-A144-07,0.8231798221997806,1
TCGA-D8-A1JJ-01A-31R-A14M-07,0.9357351664032789,1
TCGA-AN-A049-01A-21R-A00Z-07,0.6230404055727113,1
TCGA-A1-A0SN-01A-11R-A144-07,0.9071098259067074,0
TCGA-EW-A1IW-01A-11R-A13Q-07,0.7647853325957343,1
TCGA-LQ-A4E4-01A-11R-A266-07,0.4024234549780314,1
TCGA-E9-A5UP-01A-11R-A28M-07,0.17302302714542347,0
TCGA-EW-A1IY-01A-11R-A13Q-07,0.7067950155883276,1
TCGA-AN-A0XW-01A-11R-A109-07,0.7367960152652849,1
TCGA-AR-A24S-01A-11R-A169-07,0.9113564285872655,1
TCGA-AR-A2LM-01A-11R-A180-07,0.6368433473875902,1
TCGA-E9-A1NE-01A-21R-A14M-07,0.651708021545553,1
TCGA-LL-A9Q3-01A-11R-A41B-07,0.28829132806772245,1
TCGA-AC-A8OP-01A-11R-A36F-07,0.595244016826541,1
TCGA-E2-A572-01A-13R-A31O-07,0.0394552592443021,1
TCGA-B6-A0IP-01A-11R-A034-07,0.8122382613350569,1
TCGA-C8-A135-01A-11R-A115-07,0.9057577522802902,0
TCGA-D8-A1XL-01A-11R-A14M-07,0.8803260279254901,0
TCGA-EW-A1PC-01B-11R-A21T-07,0.7069890800792281,0
TCGA-AO-A03M-01B-11R-A10J-07,0.5140277287464478,0
TCGA-AN-A0FN-01A-11R-A034-07,0.6187501031808129,1
TCGA-A7-A4SD-01A-11R-A266-07,0.6877557970539591,1
TCGA-BH-A0HN-01A-11R-A10U-07,0.17293612757222537,1
TCGA-S3-A6ZH-01A-22R-A32P-07,0.4424776047202205,0
TCGA-AC-A3QP-01A-11R-A22U-07,0.5258610393739808,0
TCGA-5L-AAT1-01A-12R-A41B-07,0.5340910040204655,1
TCGA-AN-A0FY-01A-11R-A034-07,0.8674461332507317,0
TCGA-BH-A0BA-01A-11R-A056-07,0.6513774791793496,1
TCGA-A2-A0CU-01A-12R-A034-07,0.5967169954956734,1
TCGA-D8-A143-01A-11R-A115-07,0.5845086896433879,1
TCGA-BH-A0DE-01A-11R-A115-07,0.5947570758212168,1
TCGA-A2-A0EO-01A-11R-A034-07,0.7567935611951682,1
TCGA-AO-A0JF-01A-11R-A056-07,0.6887739922315845,1
TCGA-A8-A09E-01A-11R-A00Z-07,0.7419187411346038,1
TCGA-BH-A0AZ-01A-21R-A12P-07,0.7689067084050312,1
TCGA-GM-A2DN-01A-11R-A180-07,0.7530771053793597,1
TCGA-E2-A15T-01A-11R-A115-07,0.8168707376158786,1
TCGA-BH-A1F6-01A-11R-A13Q-07,0.7474363708804793,0
TCGA-BH-A0DX-01A-11R-A115-07,0.7384890183872814,1
TCGA-EW-A3U0-01A-11R-A22K-07,0.7439035860310471,0
TCGA-BH-A0DV-01A-21R-A12P-07,0.6693089759286065,1
TCGA-AC-A3TN-01A-11R-A22K-07,0.31911120942714566,1
TCGA-A1-A0SK-01A-12R-A084-07,0.19502188880392793,1
TCGA-B6-A0X5-01A-21R-A109-07,0.43405848585249235,1
TCGA-A2-A0YC-01A-11R-A109-07,0.7477596144488088,0
TCGA-A2-A0CZ-01A-11R-A034-07,0.9464484640622316,0
TCGA-C8-A27A-01A-11R-A169-07,0.603198882709285,1
TCGA-AR-A1AP-01A-11R-A12P-07,0.7328681545962282,1
TCGA-BH-A0B4-01A-11R-A00Z-07,0.7479603936433522,0
TCGA-BH-A0BV-01A-11R-A00Z-07,0.6172276778950685,1
TCGA-AN-A0XO-01A-11R-A109-07,0.7247015516981073,0
TCGA-AC-A2QJ-01A-12R-A19W-07,0.1455910885351344,1
TCGA-GM-A2DD-01A-11R-A180-07,0.9035177973873371,0
TCGA-AR-A1AV-01A-21R-A12P-07,0.7132557315784508,1
TCGA-D8-A1XF-01A-11R-A14D-07,0.5167237860324031,1
TCGA-LL-A6FP-01A-11R-A31O-07,0.11012383771078772,1
TCGA-D8-A1XA-01A-11R-A14D-07,0.4251508653548256,1
TCGA-C8-A26V-01A-11R-A16F-07,0.8968634033724548,1
TCGA-PE-A5DC-01A-12R-A27Q-07,0.5037853631347783,0
TCGA-E2-A1LH-01A-11R-A14D-07,0.6619104037412997,1
TCGA-BH-A0B9-01A-11R-A056-07,0.5443060903667833,1
TCGA-E9-A1N8-01A-11R-A144-07,0.4945558451276502,1
TCGA-AC-A62V-01A-11R-A31O-07,0.3753305048589296,1
TCGA-EW-A1PH-01A-11R-A14M-07,0.6425462845337295,1
TCGA-AR-A5QP-01A-11R-A28M-07,0.7428479588544765,1
TCGA-BH-A5J0-01A-11R-A27Q-07,0.4268681985186498,1
TCGA-A1-A0SB-01A-11R-A144-07,0.7795004968684315,1
TCGA-B6-A0IK-01A-12R-A056-07,0.9032039431419344,1
TCGA-A8-A06Q-01A-11R-A034-07,0.5042998209930998,0
TCGA-AR-A2LH-01A-31R-A18M-07,0.9525689824797869,1
TCGA-AR-A24Z-01A-11R-A169-07,0.7684575985372609,1
TCGA-Z7-A8R5-01A-42R-A41B-07,0.45436429498201025,1
TCGA-A8-A0A9-01A-11R-A00Z-07,0.8029484004741738,0
TCGA-D8-A1JA-01A-11R-A13Q-07,0.6833470836464044,1
TCGA-AN-A0FK-01A-11R-A034-07,0.6933996770873354,1
TCGA-GM-A2DL-01A-11R-A18M-07,0.7462681594410513,1
TCGA-EW-A1P6-01A-11R-A144-07,0.7144320109883094,1
TCGA-BH-A0EA-01A-11R-A115-07,0.5712359931762824,1
TCGA-BH-A8FY-01A-11R-A36F-07,0.29130032634361946,1
TCGA-E2-A1L9-01A-11R-A13Q-07,0.776086513127801,1
TCGA-E9-A1R2-01A-11R-A14D-07,0.6964594215422203,1
TCGA-AC-A2FM-01A-11R-A19W-07,0.37358684104828344,1
TCGA-E2-A108-01A-13R-A10J-07,0.9569715914569853,1
TCGA-OL-A66O-01A-11R-A31O-07,0.230313564897808,0
TCGA-C8-A275-01A-21R-A16F-07,0.8435713064061482,1
TCGA-B6-A0IO-01A-11R-A034-07,0.527268494206498,1
TCGA-BH-A0HO-01A-11R-A034-07,0.421760511007808,1
TCGA-EW-A1P8-01A-11R-A144-07,0.6962877340157625,1
TCGA-A2-A0D0-01A-11R-A00Z-07,0.3936089059403587,1
TCGA-A2-A0SX-01A-12R-A084-07,0.8063268111127451,1
TCGA-D8-A27I-01A-11R-A16F-07,0.7384642848137842,0
TCGA-EW-A2FS-01A-11R-A17B-07,0.5662277588829957,0
TCGA-Z7-A8R6-01A-11R-A41B-07,0.8748894644870224,0
TCGA-E2-A15O-01A-11R-A115-07,0.4576901384516073,1
TCGA-V7-A7HQ-01A-11R-A33J-07,0.13110360756171513,1
TCGA-C8-A12W-01A-11R-A115-07,0.8944375586816933,1
TCGA-A7-A3IY-01A-21R-A21T-07,0.7112381405659136,1
TCGA-A8-A08B-01A-11R-A00Z-07,0.8873275670531007,1
TCGA-5T-A9QA-01A-11R-A41B-07,0.5328770379654019,1
TCGA-E2-A106-01A-11R-A10J-07,0.277060638405405,1
TCGA-E2-A1B6-01A-31R-A12P-07,0.7275853534258311,1
TCGA-AC-A2FF-01A-11R-A17B-07,0.6719987464021505,0
TCGA-EW-A1PA-01A-11R-A144-07,0.5907571637036099,1
TCGA-D8-A27T-01A-11R-A16F-07,0.7501407929148624,1
TCGA-LD-A66U-01A-11R-A31O-07,0.49177614554221544,1
TCGA-A8-A07Z-01A-11R-A00Z-07,0.2922608581665265,1
TCGA-AR-A1AO-01A-11R-A12P-07,0.9440057265993784,1
TCGA-E2-A573-01A-11R-A29R-07,0.6867023641058997,1
TCGA-AC-A2FB-01A-11R-A17B-07,0.5940060619938438,1
TCGA-AN-A0G0-01A-11R-A034-07,0.6086281037786928,1
TCGA-BH-A0H5-01A-21R-A115-07,0.6617537905249857,1
TCGA-A8-A07S-01A-11R-A034-07,0.8614054904655529,1
TCGA-E9-A3QA-01A-61R-A22K-07,0.6508902397889891,1
TCGA-A1-A0SI-01A-11R-A144-07,0.9412883296759774,0
TCGA-A8-A09W-01A-11R-A00Z-07,0.833485686398061,1
TCGA-BH-A1F0-01A-11R-A137-07,0.7512021338933934,1
TCGA-A2-A0D2-01A-21R-A034-07,0.584937381700621,1
TCGA-OL-A5D8-01A-11R-A27Q-07,0.4603851419311214,1
TCGA-BH-A18G-01A-11R-A12D-07,0.7940342185236808,1
TCGA-A2-A0YI-01A-31R-A10J-07,0.6048449314194441,1
TCGA-A8-A0A4-01A-11R-A00Z-07,0.5672174051537973,1
TCGA-A7-A425-01A-11R-A24H-07,0.5054651278183397,1
TCGA-E9-A22A-01A-11R-A157-07,0.9002393194284778,1
TCGA-A8-A08J-01A-11R-A00Z-07,0.9380212389792548,1
TCGA-A2-A3Y0-01A-11R-A239-07,0.4682071543361651,0
TCGA-AC-A2BK-01A-11R-A21T-07,0.28710266244432164,1
TCGA-B6-A0IN-01A-11R-A034-07,0.8335383889832919,0
TCGA-D8-A1JD-01A-11R-A13Q-07,0.9616507203832788,0
TCGA-GM-A2DK-01A-21R-A180-07,0.5701981601168931,1
TCGA-OL-A5RX-01A-11R-A28M-07,0.7118584768162848,1
TCGA-A8-A08Z-01A-21R-A00Z-07,0.7095937432925625,1
TCGA-A2-A0YD-01A-11R-A109-07,0.7336737147139711,1
TCGA-A7-A3J1-01A-11R-A213-07,0.599893042890781,1
TCGA-BH-A1FD-01A-11R-A13Q-07,0.8630490879489643,1
TCGA-A2-A0D1-01A-11R-A034-07,0.6483487150623557,0
TCGA-BH-A0BL-01A-11R-A115-07,0.8594336143093009,1
TCGA-E2-A1IH-01A-11R-A13Q-07,0.6760776241048343,1
TCGA-AR-A0TU-01A-31R-A109-07,0.3552539812125754,1
TCGA-AC-A2FG-01A-11R-A17B-07,0.6166212004632832,1
TCGA-GM-A4E0-01A-12R-A266-07,0.3419495961040478,0
TCGA-AC-A3W7-01A-11R-A22K-07,0.7629081053572364,1
TCGA-A8-A083-01A-21R-A00Z-07,0.2770125849870956,1
TCGA-A2-A0EN-01A-13R-A084-07,0.8530193014384879,1
TCGA-D8-A1Y0-01A-11R-A14M-07,0.6737494374709951,0
TCGA-AR-A1AK-01A-21R-A12P-07,0.5778304583308022,1
TCGA-AC-A7VC-01A-11R-A352-07,0.3344304994054442,1
TCGA-A7-A0CJ-01A-21R-A00Z-07,0.7703714511739148,1
TCGA-AO-A03U-01B-21R-A10J-07,0.847236368065245,1
TCGA-E2-A2P5-01A-11R-A19W-07,0.5084316189453723,1
TCGA-E2-A15S-01A-11R-A115-07,0.6089742636122046,1
TCGA-A1-A0SJ-01A-11R-A084-07,0.4964466218278772,0
TCGA-A2-A04N-01A-11R-A115-07,0.8233739080726767,1
TCGA-B6-A401-01A-11R-A239-07,0.48807981107170767,0
TCGA-D8-A1JU-01A-11R-A13Q-07,0.630276048978254,1
TCGA-B6-A40B-01A-11R-A239-07,0.5360233089537599,1
TCGA-LD-A9QF-01A-32R-A41B-07,0.9447179169526595,0
TCGA-AO-A03T-01A-21R-A034-07,0.8782311642846067,0
TCGA-E9-A3Q9-01A-11R-A21T-07,0.3743705151941545,0
TCGA-D8-A1JP-01A-11R-A13Q-07,0.736518203473831,1
TCGA-BH-A18I-01A-11R-A12D-07,0.6997492928312726,1
TCGA-BH-A28Q-01A-11R-A16F-07,0.7484732265392364,1
TCGA-EW-A1OW-01A-21R-A144-07,0.7509729457701776,1
TCGA-BH-A18R-01A-11R-A12D-07,0.8728272974278186,1
TCGA-AO-A0J8-01A-21R-A034-07,0.8344684949080552,0
TCGA-AC-A3BB-01A-21R-A19W-07,0.7641118267767665,0
TCGA-E9-A247-01A-11R-A169-07,0.45878347992222485,1
TCGA-D8-A73U-01A-11R-A33J-07,0.5677807772317097,0
TCGA-BH-A18V-01A-11R-A12D-07,0.5230364482163544,1
TCGA-BH-A0C1-01B-11R-A12D-07,0.7568966961697935,0
TCGA-AC-A3W6-01A-12R-A22K-07,0.7579442852779372,1
TCGA-BH-A1FR-01A-11R-A13Q-07,0.5280911347420096,1
TCGA-A2-A1G0-01A-11R-A13Q-07,0.4894357319881435,0
TCGA-BH-A0DQ-01A-11R-A084-07,0.8482641056623818,1
TCGA-A2-A0ER-01A-21R-A034-07,0.509129086288702,1
TCGA-D8-A27P-01A-11R-A16F-07,0.5952992606293767,1
TCGA-B6-A1KN-01A-11R-A13Q-07,0.8536604563012812,1
TCGA-E9-A228-01A-31R-A157-07,0.7823016135263856,1
TCGA-BH-A0B2-01A-11R-A10J-07,0.7901049820944055,1
TCGA-B6-A0X4-01A-11R-A109-07,0.23295390141306987,0
TCGA-BH-A1EY-01A-11R-A13Q-07,0.7363315906388155,1
TCGA-BH-A0HX-01A-21R-A056-07,0.7668605595960613,1
TCGA-A8-A094-01A-11R-A00Z-07,0.9130499785662985,1
TCGA-AO-A1KR-01A-12R-A144-07,0.35148734217538136,0
TCGA-A2-A0CV-01A-31R-A115-07,0.46597994866171516,1
TCGA-A8-A076-01A-21R-A00Z-07,0.9471509726216868,1
TCGA-E9-A1RE-01A-11R-A157-07,0.8174459666690046,1
TCGA-S3-A6ZG-01A-22R-A32P-07,0.6766627257535941,1
TCGA-A8-A06Z-01A-11R-A00Z-07,0.6541038327357308,1
TCGA-BH-A8FZ-01A-11R-A352-07,0.9217844544615847,1
TCGA-LL-A440-01A-11R-A24H-07,0.5315755217389982,1
TCGA-E9-A249-01A-11R-A169-07,0.8987447360597033,1
TCGA-PL-A8LX-01A-11R-A41B-07,0.18581459476423728,1
TCGA-E2-A1L8-01A-11R-A13Q-07,0.6010665048203117,1
TCGA-EW-A6SD-01A-12R-A33J-07,0.9037648111307414,1
TCGA-AO-A0JL-01A-11R-A056-07,0.5732713167840356,1
TCGA-MS-A51U-01A-31R-A266-07,0.648392867324347,1
TCGA-BH-A0E7-01A-11R-A034-07,0.4311319034924265,1
TCGA-E9-A22G-01A-11R-A157-07,0.44863571742845887,1
TCGA-A8-A08R-01A-11R-A034-07,0.6673648830432711,1
TCGA-A2-A4S1-01A-21R-A266-07,0.34839099073027796,1
TCGA-E2-A1II-01A-11R-A144-07,0.49031669781830306,1
TCGA-A7-A3J0-01A-11R-A213-07,0.4272625789448838,0
TCGA-BH-A0B8-01A-21R-A056-07,0.6436582232646461,0
TCGA-AR-A24L-01A-11R-A169-07,0.6517769527868805,1
TCGA-EW-A1J3-01A-11R-A13Q-07,0.5834289623030178,1
TCGA-AR-A5QM-01A-11R-A27Q-07,0.7061598135200943,1
TCGA-AO-A1KS-01A-11R-A13Q-07,0.6306245867759727,1
TCGA-D8-A1JI-01A-11R-A13Q-07,0.6360840231101029,1
TCGA-A8-A09N-01A-11R-A00Z-07,0.8700112376877548,1
TCGA-BH-A203-01A-12R-A169-07,0.9120938615313571,1
TCGA-AR-A2LQ-01A-22R-A18M-07,0.9452869451737452,1
TCGA-AR-A251-01A-12R-A169-07,0.5625211120275893,1
TCGA-BH-A18J-01A-11R-A12D-07,0.7397209001941044,1
TCGA-D8-A1XM-01A-21R-A14M-07,0.8109160806585877,1
TCGA-BH-A0HA-01A-11R-A12P-07,0.6043701658375223,1
TCGA-AR-A0U2-01A-11R-A109-07,0.6693852599880885,1
TCGA-E2-A1B1-01A-21R-A12P-07,0.5082326628218495,1
TCGA-AC-A62X-01A-11R-A29R-07,0.41462543984949535,0
TCGA-A7-A5ZW-01A-12R-A29R-07,0.8107435200998448,1
TCGA-BH-A28O-01A-11R-A22K-07,0.8936403186137292,1
TCGA-D8-A1XQ-01A-11R-A14M-07,0.7190582666125759,0
TCGA-E9-A248-01A-11R-A169-07,0.8286377741690814,1
TCGA-A8-A07E-01A-11R-A034-07,0.7687032406788136,1
TCGA-AC-A23E-01A-11R-A157-07,0.7758813209908364,1
TCGA-E9-A1N4-01A-11R-A14M-07,0.4767199472744328,1
TCGA-E2-A15H-01A-11R-A12D-07,0.6637330421230163,0
TCGA-E2-A1IJ-01A-11R-A144-07,0.7829215208065134,1
TCGA-D8-A1XR-01A-11R-A14M-07,0.8177078035326141,1
TCGA-A8-A075-01A-11R-A084-07,0.9327540078970914,1
TCGA-A8-A06U-01A-11R-A00Z-07,0.5810414347759756,0
TCGA-B6-A0X7-01A-11R-A10J-07,0.741475179288272,1
TCGA-AQ-A04J-01A-02R-A034-07,0.8477845445486406,1
TCGA-A2-A0CQ-01A-21R-A034-07,0.5511638208480633,1
TCGA-A8-A07F-01A-11R-A00Z-07,0.6564919910842779,1
TCGA-A8-A082-01A-11R-A00Z-07,0.8539283798166982,1
TCGA-AN-A0XT-01A-11R-A109-07,0.3346811905055803,1
TCGA-AR-A24X-01A-11R-A169-07,0.7521160980624677,0
TCGA-A2-A04Y-01A-21R-A034-07,0.8534816420062133,1
TCGA-A2-A1G4-01A-11R-A13Q-07,0.8479766518259874,1
TCGA-B6-A0IE-01A-11R-A034-07,0.4134876371487068,1
TCGA-A8-A079-01A-21R-A00Z-07,0.7452346137553592,1
TCGA-E2-A15E-01A-11R-A12D-07,0.7018567789972087,1
TCGA-E9-A1R3-01A-31R-A14M-07,0.38487070017181235,1
TCGA-AR-A0TT-01A-31R-A084-07,0.8696171610301469,0
TCGA-S3-AA0Z-01A-11R-A41B-07,0.5806830635114018,1
TCGA-BH-A0E1-01A-11R-A056-07,0.6367941021336864,1
TCGA-AC-A23G-01A-11R-A213-07,0.6098745901947098,1
TCGA-GM-A3XG-01A-31R-A24H-07,0.3777374920510268,1
TCGA-AR-A1AM-01A-41R-A22K-07,0.7184766486170558,0
TCGA-E9-A1N5-01A-11R-A14D-07,0.7698300281219848,1
TCGA-A2-A3XX-01A-21R-A239-07,0.6256615181464521,1
TCGA-BH-A0BQ-01A-21R-A115-07,0.7844223161725461,1
TCGA-EW-A1P7-01A-21R-A144-07,0.8949282014873621,1
TCGA-BH-A5IZ-01A-11R-A27Q-07,0.5862156052979781,1
TCGA-D8-A1X7-01A-11R-A14M-07,0.8768376610978507,0
TCGA-BH-A0DP-01A-21R-A056-07,0.7850832697549804,1
TCGA-AC-A7VB-01A-11R-A352-07,0.523411821444142,0
TCGA-A2-A0ST-01A-12R-A084-07,0.7247322692229385,1
TCGA-A2-A0ES-01A-11R-A115-07,0.5154740694179507,1
TCGA-BH-A0DT-01A-21R-A12D-07,0.8219242802560608,1
TCGA-AN-A0AR-01A-11R-A00Z-07,0.4842475566851817,1
TCGA-A2-A0YJ-01A-11R-A109-07,0.4411660586348142,0
TCGA-D8-A4Z1-01A-21R-A266-07,0.5841262107255847,0
TCGA-AO-A0JC-01A-11R-A056-07,0.19938546104943933,1
TCGA-A2-A04Q-01A-21R-A034-07,0.7958659315360253,0
TCGA-GM-A2DF-01A-11R-A180-07,0.6620741216206639,1
TCGA-GM-A2DI-01A-31R-A18M-07,0.6726819941445098,1
TCGA-LL-A5YO-01A-21R-A28M-07,0.8551897067091522,0
TCGA-EW-A3E8-01B-11R-A24H-07,0.665176857662192,0
TCGA-BH-A0E9-01B-11R-A115-07,0.6445302751372135,1
TCGA-AR-A1AH-01A-11R-A12D-07,0.49056554872105,1
TCGA-E2-A10A-01A-21R-A115-07,0.683387810400788,1
TCGA-C8-A1HF-01A-11R-A137-07,0.9125210388659691,1
TCGA-A7-A13H-01A-11R-A22K-07,0.706800048085396,1
TCGA-A7-A13F-01A-11R-A12P-07,0.7717912603155034,1
TCGA-D8-A1XV-01A-11R-A14M-07,0.43042970077203296,0
TCGA-E2-A574-01A-11R-A29R-07,0.2911811122592324,1
TCGA-GM-A5PV-01A-11R-A28M-07,0.5166821197052737,1
TCGA-EW-A1PB-01A-11R-A144-07,0.5237870309024445,0
TCGA-E2-A1IO-01A-11R-A144-07,0.7846120352986,1
TCGA-B6-A0RH-01A-21R-A115-07,0.9361307841486363,1
TCGA-BH-A0B7-01A-12R-A115-07,0.9440267067911443,1
TCGA-C8-A137-01A-11R-A115-07,0.8518666313585446,0
TCGA-LL-A8F5-01A-11R-A36F-07,0.5602817534830966,1
TCGA-AQ-A0Y5-01A-11R-A14M-07,0.5591118234749636,1
TCGA-D8-A13Z-01A-11R-A115-07,0.8499611565977175,0
TCGA-A2-A4RX-01A-11R-A266-07,0.7607712712565822,1
TCGA-AR-A24U-01A-11R-A169-07,0.9165831198173043,1
TCGA-E2-A105-01A-11R-A10J-07,0.34833102094379037,1
TCGA-C8-A1HN-01A-11R-A137-07,0.7959089183932264,1
TCGA-BH-A18S-01A-11R-A12D-07,0.39155867327062654,1
TCGA-E2-A14Q-01A-11R-A12D-07,0.6702452498891964,1
TCGA-A7-A0DA-01A-31R-A115-07,0.8009247911353848,1
TCGA-EW-A1P4-01A-21R-A144-07,0.5460725960904897,1
TCGA-A8-A081-01A-11R-A00Z-07,0.796634327084968,1
TCGA-BH-A0E0-01A-11R-A056-07,0.6446562304405141,1
TCGA-OL-A66N-01A-12R-A31O-07,0.38698504324782157,0
TCGA-E2-A2P6-01A-11R-A19W-07,0.3926494160856101,0
TCGA-BH-A0DK-01A-21R-A056-07,0.6195259562646538,1
TCGA-E9-A5UO-01A-11R-A28M-07,0.43502020127625396,1
TCGA-D8-A1JC-01A-11R-A13Q-07,0.9221446383741252,1
TCGA-C8-A134-01A-11R-A115-07,0.6788595770416092,1
TCGA-A2-A3XT-01A-11R-A22U-07,0.6717393780054293,1
TCGA-AR-A256-01A-11R-A169-07,0.491198892604416,1
TCGA-D8-A1JL-01A-11R-A13Q-07,0.7934787066616112,1
TCGA-E9-A24A-01A-11R-A169-07,0.4857189281873235,1
TCGA-A2-A3XZ-01A-42R-A239-07,0.9053789738424255,1
TCGA-BH-A0BF-01A-21R-A12P-07,0.9498464068135054,1
TCGA-D8-A27F-01A-11R-A16F-07,0.5090785831412449,1
TCGA-A2-A0CY-01A-12R-A034-07,0.46295154948308365,1
TCGA-D8-A27E-01A-11R-A16F-07,0.3001314649865044,0
TCGA-A2-A0EP-01A-52R-A22U-07,0.5011962475469095,1
TCGA-GI-A2C8-01A-11R-A16F-07,0.5103339704864781,1
TCGA-A8-A099-01A-11R-A00Z-07,0.5347745771361507,0
TCGA-A2-A04U-01A-11R-A115-07,0.37830321774269904,1
TCGA-BH-A0HP-01A-12R-A084-07,0.7117740499699985,1
TCGA-EW-A2FV-01A-11R-A17B-07,0.6008597693851481,1
TCGA-A2-A0CR-01A-11R-A22K-07,0.26528401429791326,1
TCGA-BH-A0DS-01A-11R-A056-07,0.8147910906462263,1
TCGA-D8-A1XC-01A-11R-A14D-07,0.35817694520907817,1
TCGA-E2-A14O-01A-31R-A115-07,0.6120461530641202,1
TCGA-A1-A0SF-01A-11R-A144-07,0.7234867993609005,1
TCGA-A8-A06X-01A-21R-A00Z-07,0.8300436034242085,1
TCGA-BH-A0HI-01A-11R-A084-07,0.735021153005141,1
TCGA-E2-A14U-01A-11R-A22K-07,0.37905554739840175,1
TCGA-E2-A15A-01A-11R-A12D-07,0.9253969393206405,0
TCGA-A2-A1G6-01A-11R-A13Q-07,0.8645895078292268,1
TCGA-B6-A1KC-01B-11R-A157-07,0.425685244428713,1
TCGA-OL-A5RZ-01A-11R-A28M-07,0.6188080680673007,1
TCGA-A8-A07I-01A-11R-A00Z-07,0.9264434463672346,0
TCGA-A2-A0T0-01A-22R-A084-07,0.7414973369853199,1
TCGA-BH-A42V-01A-11R-A24H-07,0.5741746751216085,1
TCGA-GM-A3XN-01A-12R-A22U-07,0.7148319415045645,1
TCGA-D8-A3Z6-01A-11R-A239-07,0.5878550783152617,1
TCGA-B6-A0IQ-01A-11R-A034-07,0.4668091851618611,1
TCGA-A8-A095-01A-11R-A00Z-07,0.9507062389110833,1
TCGA-AO-A125-01A-11R-A10J-07,0.29477625302651295,1
TCGA-EW-A6SA-01A-21R-A32P-07,0.5322323568991408,0
TCGA-BH-A0DD-01A-31R-A12P-07,0.8923286808763966,1
TCGA-AO-A0J3-01A-11R-A034-07,0.6037272182301409,0
TCGA-A2-A3XS-01A-11R-A22U-07,0.8156143909780439,0
TCGA-AC-A8OR-01A-21R-A41B-07,0.5863911169610118,1
TCGA-BH-A0HK-01A-11R-A056-07,0.5397778697528155,1
TCGA-E2-A1IG-01A-11R-A144-07,0.5577974458172975,1
TCGA-AO-A12B-01A-11R-A10J-07,0.2772257802894931,1
TCGA-EW-A1J5-01A-11R-A13Q-07,0.6562931744757159,1
TCGA-C8-A12Q-01A-11R-A115-07,0.9496103062323498,1
TCGA-A2-A0EQ-01A-11R-A034-07,0.8962291744386087,0
TCGA-GM-A3XL-01A-11R-A22U-07,0.5359845419048934,1
TCGA-BH-A1EU-01A-11R-A137-07,0.4511277494168734,1
TCGA-BH-A0RX-01A-21R-A084-07,0.7717472314583589,1
TCGA-E9-A1RF-01A-11R-A157-07,0.5881399072023914,1
TCGA-AC-A2QI-01A-12R-A19W-07,0.6032117289040623,1
TCGA-A8-A090-01A-11R-A00Z-07,0.5772053643333436,0
TCGA-AR-A5QQ-01A-11R-A28M-07,0.44382357716781556,1
TCGA-XX-A899-01A-11R-A36F-07,0.7039288017421962,1
TCGA-E2-A156-01A-11R-A12D-07,0.44374226800242006,1
TCGA-AN-A04C-01A-21R-A034-07,0.8074209465690487,0
TCGA-AN-A0AT-01A-11R-A034-07,0.5646059330755371,1
TCGA-UL-AAZ6-01A-11R-A41B-07,0.25585368416352944,1
TCGA-D8-A1X9-01A-12R-A157-07,0.672615462398373,1
TCGA-E9-A22E-01A-11R-A157-07,0.9185151415924322,1
TCGA-BH-A1FB-01A-11R-A13Q-07,0.6314659502423634,1
TCGA-C8-A8HR-01A-11R-A36F-07,0.9747699634462447,1
TCGA-EW-A2FR-01A-11R-A21T-07,0.9366862302626348,1
TCGA-AN-A0AJ-01A-11R-A00Z-07,0.8428475733074176,1
TCGA-LD-A7W6-01A-81R-A352-07,0.6473924292574977,1
TCGA-BH-A0B6-01A-11R-A19W-07,0.5795410724052591,1
TCGA-AR-A252-01A-11R-A169-07,0.4415782565203521,1
TCGA-AR-A254-01A-21R-A169-07,0.9179395849360159,1
TCGA-AO-A03P-01A-11R-A00Z-07,0.7347795391010041,1
TCGA-A8-A07O-01A-11R-A00Z-07,0.5076934618455373,0
TCGA-EW-A1PE-01A-11R-A144-07,0.6081495235750382,0
TCGA-AR-A2LL-01A-11R-A180-07,0.9330407965014664,1
TCGA-A7-A26H-01A-11R-A169-07,0.775306792742281,1
TCGA-C8-A26Z-01A-11R-A16F-07,0.46698043217425794,1
TCGA-AO-A0J9-01A-11R-A034-07,0.6905203849450502,1
TCGA-EW-A1PF-01A-11R-A144-07,0.6895059380469841,1
TCGA-A2-A25F-01A-11R-A169-07,0.6530336230216128,1
TCGA-D8-A73W-01A-22R-A352-07,0.7549094138371963,1
TCGA-AR-A2LJ-01A-12R-A19W-07,0.4824630564724508,0
TCGA-A8-A07C-01A-11R-A034-07,0.4048438182295859,1
TCGA-E9-A245-01A-22R-A16F-07,0.42513418390150864,0
TCGA-B6-A408-01A-12R-A24H-07,0.515697714035582,0
TCGA-AR-A255-01A-11R-A169-07,0.7635443005530158,0
TCGA-E2-A1L6-01A-11R-A13Q-07,0.7213936815273413,0
TCGA-E9-A295-01A-11R-A16F-07,0.683006397941756,1
TCGA-BH-A1FE-01A-11R-A13Q-07,0.6206809927759237,0
TCGA-BH-A1FM-01A-11R-A13Q-07,0.5499463581762806,0
TCGA-OL-A5RU-01A-11R-A28M-07,0.6436639316725178,1
TCGA-C8-A1HO-01A-11R-A13Q-07,0.33453353069567804,0
TCGA-GM-A2DO-01A-11R-A18M-07,0.7572592727392377,0
TCGA-AN-A0FZ-01A-11R-A034-07,0.36189509058025143,1
TCGA-D8-A1JN-01A-11R-A13Q-07,0.299880141762452,1
TCGA-OL-A6VO-01A-12R-A33J-07,0.5595439145721927,0
TCGA-AN-A0FV-01A-11R-A00Z-07,0.8593670144656393,1
TCGA-D8-A1J9-01A-11R-A13Q-07,0.8870584818717334,1
TCGA-B6-A0IB-01A-11R-A034-07,0.7636949691109234,1
TCGA-A8-A06R-01A-11R-A00Z-07,0.851501827140108,0
TCGA-AR-A24H-01A-11R-A169-07,0.7404512556839595,1
TCGA-E2-A109-01A-11R-A10J-07,0.8224116080822824,1
TCGA-AR-A5QN-01A-12R-A28M-07,0.8324864569073274,1
TCGA-A2-A0EX-01A-21R-A034-07,0.7307922345621924,1
TCGA-C8-A12N-01A-11R-A115-07,0.8006748677969495,1
TCGA-A2-A259-01A-11R-A16F-07,0.5563564528382556,1
TCGA-AO-A12A-01A-21R-A115-07,0.7983461451515432,0
TCGA-A7-A3RF-01A-11R-A22K-07,0.18362771873355976,1
TCGA-AN-A0FS-01A-11R-A034-07,0.685755873138818,1
TCGA-C8-A26W-01A-11R-A16F-07,0.9239051706386557,1
TCGA-E9-A1RC-01A-11R-A157-07,0.5765242814707003,1
TCGA-E2-A1B0-01A-11R-A12P-07,0.8625023413127307,1
TCGA-AO-A126-01A-11R-A10J-07,0.565986996893097,1
TCGA-AC-A4ZE-01A-11R-A41B-07,0.30583244153907396,0
TCGA-E9-A229-01A-31R-A157-07,0.7577934788791499,1
TCGA-EW-A1P1-01A-31R-A14D-07,0.9307113312299553,0
TCGA-BH-AB28-01A-31R-A41B-07,0.767113572815325,1
TCGA-A8-A08P-01A-11R-A00Z-07,0.9326088410177702,0
TCGA-EW-A1IX-01A-12R-A144-07,0.6308198545883368,0
TCGA-LL-A73Z-01A-11R-A32P-07,0.9707207949053821,0
TCGA-E9-A1R7-01A-11R-A14M-07,0.6774913861018433,1
TCGA-BH-A1F2-01A-31R-A13Q-07,0.7137606008932067,0
TCGA-A8-A0A6-01A-12R-A056-07,0.7565325453908897,1
TCGA-A1-A0SE-01A-11R-A084-07,0.7375620302338002,1
TCGA-E9-A1NG-01A-21R-A14M-07,0.7112757906696712,1
TCGA-B6-A1KF-01A-11R-A13Q-07,0.5068811953603287,1
TCGA-BH-A0EE-01A-11R-A034-07,0.5547985649122601,1
TCGA-BH-A0BD-01A-11R-A034-07,0.9054784781178506,1
TCGA-OL-A5RY-01A-21R-A28M-07,0.9380868685366814,1
TCGA-E9-A1RD-01A-11R-A157-07,0.5905618808673363,1
TCGA-AR-A24K-01A-11R-A169-07,0.7977271750610623,1
TCGA-BH-A0BP-01A-11R-A115-07,0.7490777917028231,1
TCGA-C8-A130-01A-31R-A115-07,0.9106912151816862,1
TCGA-B6-A0RG-01A-11R-A056-07,0.5616640468401146,1
TCGA-E9-A1NA-01A-11R-A144-07,0.8873872683830386,1
TCGA-A8-A0A2-01A-11R-A034-07,0.709253860624517,0
TCGA-E2-A14V-01A-11R-A12D-07,0.9336313377454867,0
TCGA-E2-A1LL-01A-11R-A144-07,0.46714822532128464,1
TCGA-AR-A24M-01A-11R-A169-07,0.5672054693873912,1
TCGA-A8-A0AB-01A-11R-A034-07,0.45863564447138827,1
TCGA-C8-A1HL-01A-11R-A137-07,0.8069239006614851,1
TCGA-OL-A66P-01A-11R-A31O-07,0.673030259448899,0
TCGA-OL-A66K-01A-11R-A29R-07,0.5966773967270208,1
TCGA-BH-A0HF-01A-11R-A056-07,0.7216868258375032,1
TCGA-AN-A03X-01A-21R-A00Z-07,0.6225195119285981,1
TCGA-A2-A1FV-01A-11R-A13Q-07,0.19436338553567983,1
TCGA-E9-A3HO-01A-11R-A213-07,0.6907119942502984,1
TCGA-A2-A0YE-01A-11R-A109-07,0.5803188936930459,1
TCGA-A1-A0SP-01A-11R-A084-07,0.6375301460955324,1
TCGA-AO-A0J7-01A-11R-A034-07,0.7884332675855921,1
TCGA-C8-A3M7-01A-12R-A21T-07,0.6913735306113294,1
TCGA-A2-A0YG-01A-21R-A109-07,0.7986319353801691,1
TCGA-E2-A14Y-01A-21R-A12D-07,0.4622386336335397,1
TCGA-EW-A424-01A-11R-A24H-07,0.656100025741979,1
TCGA-D8-A141-01A-11R-A115-07,0.8059748537216029,1
TCGA-C8-A1HJ-01A-11R-A13Q-07,0.35635411970184855,1
TCGA-C8-A12O-01A-11R-A115-07,0.714210697482458,0
TCGA-LL-A442-01A-11R-A24H-07,0.2642265767773296,1
TCGA-C8-A12Z-01A-11R-A115-07,0.91629275595845,1
TCGA-EW-A1OX-01A-11R-A144-07,0.5325774086363322,0
TCGA-E9-A1RG-01A-11R-A14D-07,0.6375064295911194,1
TCGA-AQ-A1H2-01A-11R-A13Q-07,0.3653581862906805,0
TCGA-AR-A24Q-01A-12R-A169-07,0.7475323939420948,1
TCGA-A8-A09K-01A-11R-A00Z-07,0.2173073423822612,1
TCGA-BH-A0W7-01A-11R-A115-07,0.7910538711126246,1
TCGA-BH-A0H0-01A-11R-A056-07,0.6039977353196437,0
TCGA-AO-A0JD-01A-11R-A056-07,0.7550522536498159,1
TCGA-A2-A4RW-01A-21R-A266-07,0.6936388223443909,1
TCGA-C8-A12U-01A-11R-A115-07,0.5392152291437818,1
TCGA-C8-A12V-01A-11R-A115-07,0.7938795085069048,1
TCGA-E9-A1NC-01A-21R-A26B-07,0.7640138173891434,1
TCGA-AO-A12G-01A-11R-A10J-07,0.6242117855308353,0
TCGA-S3-AA11-01A-31R-A41B-07,0.6662863579449941,1
TCGA-BH-A0HQ-01A-11R-A034-07,0.7674509580372777,1
TCGA-AO-A03L-01A-41R-A056-07,0.6376018784475549,1
TCGA-C8-A1HM-01A-12R-A137-07,0.7740661829718144,1
TCGA-D8-A146-01A-31R-A115-07,0.7494789661036323,0
TCGA-A2-A0EV-01A-11R-A034-07,0.7718558425657083,1
TCGA-E2-A154-01A-11R-A115-07,0.7846034275847358,1
TCGA-E2-A1LE-01A-12R-A19W-07,0.916373500486432,1
TCGA-E9-A1R5-01A-11R-A14M-07,0.6758761476373691,1
TCGA-AC-A3EH-01A-22R-A22K-07,0.6641246557634763,1
TCGA-C8-A12Y-01A-11R-A12D-07,0.6584721074131956,1
TCGA-BH-A0E2-01A-11R-A056-07,0.6748361337131746,0
TCGA-D8-A1XG-01A-11R-A14D-07,0.5808717517571614,1
TCGA-OL-A5DA-01A-11R-A27Q-07,0.5587984832754695,1
TCGA-AC-A3HN-01A-11R-A213-07,0.7910914404087799,1
TCGA-B6-A0RP-01A-21R-A084-07,0.7114160809165161,1
TCGA-3C-AALI-01A-11R-A41B-07,0.8300194395412033,1
TCGA-D8-A1Y2-01A-11R-A157-07,0.9276324745797231,0
TCGA-S3-AA15-01A-11R-A41B-07,0.7613283866203469,1
TCGA-BH-A0W5-01A-11R-A109-07,0.7564166706524178,1
TCGA-A8-A097-01A-11R-A034-07,0.5119247991367044,1
TCGA-AO-A12D-01A-11R-A115-07,0.9275385061113394,1
TCGA-AN-A04A-01A-21R-A034-07,0.631038399746002,1
TCGA-E2-A1B4-01A-11R-A12P-07,0.42439216411141445,1
TCGA-A8-A09R-01A-11R-A00Z-07,0.900447924561792,1
TCGA-XX-A89A-01A-11R-A36F-07,0.6731980710074271,1
TCGA-AR-A24O-01A-11R-A169-07,0.6343752560354978,1
TCGA-E2-A1LG-01A-21R-A14M-07,0.4953071793488723,1
TCGA-AC-A8OS-01A-12R-A41B-07,0.6191482909995603,1
TCGA-HN-A2NL-01A-11R-A18M-07,0.38346284578193063,0
TCGA-E9-A1N6-01A-11R-A144-07,0.9298049136773091,0
TCGA-E2-A10C-01A-21R-A10J-07,0.8302571552275202,1
TCGA-BH-A0AU-01A-11R-A12P-07,0.9107659250770147,0
TCGA-A2-A0EW-01A-21R-A115-07,0.6241283689077356,1
TCGA-A8-A07B-01A-11R-A00Z-07,0.4527251881881827,1
TCGA-E2-A15K-01A-11R-A12P-07,0.8939073971070715,1
TCGA-EW-A6S9-01A-22R-A33J-07,0.6520305753038604,0
TCGA-AC-A3W5-01A-11R-A22K-07,0.949642775583915,1
TCGA-BH-A0AV-01A-31R-A115-07,0.6869120529639432,1
TCGA-A2-A0T7-01A-21R-A084-07,0.7382153035595957,0
TCGA-AO-A03V-01A-11R-A115-07,0.5521788977955547,1
TCGA-BH-A0DZ-01A-11R-A00Z-07,0.4841818545425558,1
TCGA-AN-A041-01A-11R-A034-07,0.5975022493641426,0
TCGA-B6-A0I5-01A-11R-A034-07,0.5158267374061704,1
TCGA-BH-A0BM-01A-11R-A056-07,0.4640343970604552,1
TCGA-BH-A0GZ-01A-11R-A056-07,0.7401053492341765,1
TCGA-LL-A5YN-01A-11R-A28M-07,0.2775244540425571,1
TCGA-B6-A0RM-01A-11R-A084-07,0.5755214435246239,0
TCGA-A2-A4S3-01A-21R-A266-07,0.8444846561140947,1
TCGA-BH-A201-01A-11R-A14M-07,0.692769798768747,1
TCGA-A2-A0SV-01A-11R-A084-07,0.8844966559564564,0
TCGA-A8-A07L-01A-11R-A00Z-07,0.8423963080513325,1
TCGA-AR-A2LN-01A-21R-A18M-07,0.42696385334688036,0
TCGA-C8-A278-01A-11R-A169-07,0.9165713854778319,1
TCGA-A2-A0CM-01A-31R-A034-07,0.6175827452334691,1
TCGA-C8-A1HE-01A-11R-A13Q-07,0.7550327654746315,1
TCGA-LL-A7T0-01A-31R-A352-07,0.8020586404535751,0
TCGA-B6-A0WT-01A-11R-A109-07,0.7281776403245698,1
TCGA-OL-A5D6-01A-21R-A27Q-07,0.9255405545881096,1
TCGA-E2-A14S-01A-11R-A12D-07,0.8755005859679635,0
TCGA-AQ-A1H3-01A-31R-A13Q-07,0.8427249853398371,1
TCGA-BH-A1F8-01A-11R-A13Q-07,0.6380630858355361,1
TCGA-A8-A0AD-01A-11R-A056-07,0.47458709405130745,1
TCGA-GM-A2DA-01A-11R-A18M-07,0.5582426701142683,1
TCGA-A2-A0T5-01A-21R-A084-07,0.7452613303041629,1
TCGA-A8-A09M-01A-11R-A00Z-07,0.8598739646002919,1
TCGA-B6-A0X1-01A-11R-A109-07,0.5747752334317932,0
TCGA-AN-A0XU-01A-11R-A109-07,0.7356076678390815,1
TCGA-BH-A1EV-01A-11R-A137-07,0.9317010553131504,1
TCGA-EW-A1OZ-01A-11R-A144-07,0.8147319782730891,1
TCGA-C8-A12X-01A-11R-A115-07,0.44037470567039944,1
TCGA-JL-A3YX-01A-11R-A22U-07,0.6283245132576151,1
TCGA-OL-A5D7-01A-11R-A27Q-07,0.3302074934353112,1
TCGA-E2-A1IK-01A-11R-A144-07,0.47475564498112277,0
TCGA-A2-A0CW-01A-21R-A115-07,0.6675987736487066,0
TCGA-A2-A0ET-01A-31R-A034-07,0.13029531888053475,1
TCGA-B6-A400-01A-11R-A239-07,0.6403339878068268,1
