sample_id,score,y_member
TCGA-E2-A158-01A-11R-A12D-07,0.19118009667316685,1
TCGA-AO-A1KO-01A-31R-A13Q-07,0.37961795544938864,1
TCGA-AR-A0TX-01A-11R-A084-07,0.7557986860512595,0
TCGA-D8-A1XB-01A-11R-A14D-07,0.913964520050455,1
TCGA-B6-A0IG-01A-11R-A034-07,0.8102559051887436,1
TCGA-AC-A5EH-01A-11R-A28M-07,0.8259016184271123,1
TCGA-LL-A7SZ-01A-32R-A352-07,0.4517891627481708,1
TCGA-A7-A26J-01A-11R-A169-07,0.8108568953071413,1
TCGA-E9-A22H-01A-11R-A157-07,0.6811387950821349,1
TCGA-BH-A208-01A-11R-A157-07,0.7022979750852206,1
TCGA-BH-A6R9-01A-21R-A32P-07,0.44167809408712483,1
TCGA-OL-A5S0-01A-11R-A28M-07,0.3683248901211309,1
TCGA-A1-A0SD-01A-11R-A115-07,0.9341783845659566,1
TCGA-AO-A0JB-01A-11R-A32Y-07,0.6053715911247859,1
TCGA-E2-A1BD-01A-11R-A12P-07,0.8724564029104326,1
TCGA-AN-A0AS-01A-11R-A00Z-07,0.8430335012589297,1
TCGA-A7-A13G-01A-11R-A13Q-07,0.3048831627631752,1
TCGA-B6-A0RS-01A-11R-A084-07,0.6469326340302238,1
TCGA-A2-A4S0-01A-21R-A266-07,0.6696237421662036,0
TCGA-BH-A1F5-01A-12R-A13Q-07,0.596095185331709,1
TCGA-A2-A0CX-01A-21R-A00Z-07,0.8003587016208114,1
TCGA-A7-A13D-01A-13R-A12P-07,0.4502669923806378,0
TCGA-AN-A03Y-01A-21R-A00Z-07,0.6637498244123521,1
TCGA-E9-A1ND-01A-11R-A144-07,0.4993465041316147,0
TCGA-EW-A1P5-01A-11R-A144-07,0.8406575647837969,1
TCGA-EW-A423-01A-11R-A24H-07,0.6444156546775501,1
TCGA-A7-A5ZV-01A-11R-A28M-07,0.2446063957691175,1
TCGA-C8-A8HP-01A-11R-A36F-07,0.5752494081145811,1
TCGA-AQ-A54O-01A-11R-A266-07,0.3575470386355868,1
TCGA-E9-A5FK-01A-11R-A27Q-07,0.6729693968179344,1
TCGA-D8-A142-01A-11R-A115-07,0.5766629533258875,1
TCGA-BH-A0BC-01A-22R-A084-07,0.9105488839349002,1
TCGA-A2-A0EY-01A-11R-A034-07,0.8321395553030683,1
TCGA-D8-A1J8-01A-11R-A13Q-07,0.607753456648604,1
TCGA-A8-A06Y-01A-21R-A00Z-07,0.7846616326122652,0
TCGA-EW-A1J1-01A-11R-A13Q-07,0.7140910402901122,1
TCGA-BH-A0C0-01A-21R-A056-07,0.7608044383223775,0
TCGA-AC-A2FK-01A-12R-A180-07,0.5583702235052082,0
TCGA-A2-A3XV-01A-21R-A239-07,0.11012724168266305,0
TCGA-BH-A0HB-01A-11R-A056-07,0.8311026616829412,1
TCGA-AN-A0XL-01A-11R-A10J-07,0.8587467998668226,1
TCGA-E2-A10B-01A-11R-A10J-07,0.8885433665168344,1
TCGA-A2-A04X-01A-21R-A034-07,0.6529708577263093,1
TCGA-AR-A1AN-01A-11R-A12P-07,0.8187186116064122,1
TCGA-A2-A0EM-01A-11R-A034-07,0.7880181131839348,0
TCGA-B6-A0WS-01A-11R-A115-07,0.8384838003528224,1
TCGA-D8-A1XD-01A-11R-A14D-07,0.6841681176043009,1
TCGA-A8-A091-01A-11R-A00Z-07,0.5906259116671101,1
TCGA-E9-A2JS-01A-11R-A180-07,0.6880469593979334,0
TCGA-A2-A1G1-01A-21R-A13Q-07,0.26426294637576114,1
TCGA-E9-A22B-01A-11R-A157-07,0.8285205979823037,0
TCGA-D8-A27G-01A-11R-A16F-07,0.9233220237842559,1
TCGA-A7-A13E-01A-11R-A12P-07,0.3646725921493853,1
TCGA-BH-A0AY-01A-21R-A00Z-07,0.8981704867457712,0
TCGA-E2-A1L7-01A-11R-A144-07,0.7000752097118891,1
TCGA-AN-A046-01A-21R-A034-07,0.829433912628925,0
TCGA-AN-A0AL-01A-11R-A00Z-07,0.5888765850132348,0
TCGA-D8-A27K-01A-11R-A16F-07,0.8835847230109575,1
TCGA-BH-A0DO-01B-11R-A12D-07,0.8343077677860254,0
TCGA-A7-A4SB-01A-21R-A266-07,0.6237188316868402,0
TCGA-EW-A6SB-01A-12R-A32P-07,0.20996358791023048,1
TCGA-D8-A1JM-01A-11R-A13Q-07,0.22622389910016888,1
TCGA-OL-A66J-01A-11R-A29R-07,0.7926944869968661,1
TCGA-D8-A13Y-01A-11R-A115-07,0.3077427097203858,1
TCGA-AR-A24N-01A-11R-A169-07,0.711551736953735,1
TCGA-BH-A0B1-01A-12R-A056-07,0.822372489008726,1
TCGA-B6-A0RN-01A-12R-A084-07,0.8627651098294217,1
TCGA-A2-A0T1-01A-21R-A084-07,0.678537484784311,1
TCGA-AN-A0AM-01A-11R-A034-07,0.6234882826380134,1
TCGA-E2-A1LA-01A-11R-A144-07,0.8781522585324905,0
TCGA-JL-A3YW-01A-12R-A239-07,0.6214808913377601,0
TCGA-BH-A0H3-01A-11R-A12P-07,0.865926631897961,1
TCGA-E2-A1IF-01A-11R-A144-07,0.8081658415382923,1
TCGA-C8-A26X-01A-31R-A16F-07,0.6423424720767074,1
TCGA-A8-A09B-01A-11R-A00Z-07,0.9089449726850551,0
TCGA-A7-A26G-01A-21R-A169-07,0.5344943381213578,1
TCGA-AC-A2FE-01A-11R-A19W-07,0.9375340893592499,1
TCGA-A8-A08G-01A-11R-A00Z-07,0.7966657404216959,0
TCGA-AN-A0FJ-01A-11R-A00Z-07,0.2626156908384561,1
TCGA-B6-A0RV-01A-11R-A084-07,0.9408414663073522,1
TCGA-B6-A0WV-01A-11R-A109-07,0.7339556503145678,1
TCGA-A8-A07P-01A-11R-A00Z-07,0.8132073193627958,1
TCGA-A8-A08H-01A-21R-A00Z-07,0.6610492867314605,1
TCGA-AR-A0TW-01A-11R-A084-07,0.7131354138375113,1
TCGA-E2-A15F-01A-11R-A115-07,0.8524539284701033,1
TCGA-B6-A0WX-01A-11R-A109-07,0.6865731970410088,1
TCGA-D8-A1Y1-01A-21R-A14M-07,0.8876259480144748,1
TCGA-E2-A14Z-01A-11R-A115-07,0.8785466469742037,0
TCGA-A2-A25A-01A-12R-A16F-07,0.8425818752609393,0
TCGA-A2-A0CT-01A-31R-A056-07,0.761137488035231,1
TCGA-HN-A2OB-01A-21R-A27Q-07,0.8101448770145372,0
TCGA-B6-A0RT-01A-21R-A084-07,0.5760978654606551,1
TCGA-AR-A24T-01A-11R-A169-07,0.8926976306982655,1
TCGA-E9-A1R0-01A-22R-A16F-07,0.7970243879406662,1
TCGA-E9-A5FL-01A-11R-A27Q-07,0.2148270058302379,1
TCGA-E2-A3DX-01A-21R-A213-07,0.8530816500285024,1
TCGA-E2-A14T-01A-11R-A115-07,0.6569881173497413,1
TCGA-A2-A4RY-01A-31R-A266-07,0.7539651574499444,1
TCGA-AR-A2LK-01A-11R-A180-07,0.8169105197482817,1
TCGA-BH-A42U-01A-12R-A24H-07,0.5689805802329901,1
TCGA-AO-A12C-01A-11R-A10J-07,0.7986889596943864,0
TCGA-A2-A3XY-01A-11R-A239-07,0.5488693184371721,1
TCGA-D8-A73X-01A-11R-A32P-07,0.9110689585114385,1
TCGA-AR-A2LO-01A-31R-A18M-07,0.8778484557680154,1
TCGA-AO-A0JJ-01A-11R-A056-07,0.8299159775023027,0
TCGA-LD-A74U-01A-13R-A33J-07,0.8767436249404146,1
TCGA-AN-A0XN-01A-21R-A109-07,0.8683344922626226,1
TCGA-E2-A107-01A-11R-A10J-07,0.8144261519521189,1
TCGA-A7-A6VV-01A-22R-A33J-07,0.5284181217590077,1
TCGA-AC-A5XS-01A-11R-A29R-07,0.7717987471341214,1
TCGA-BH-A0H6-01A-21R-A056-07,0.8456017757018114,1
TCGA-AC-A23C-01A-12R-A169-07,0.8538622007624372,1
TCGA-E9-A1NH-01A-11R-A14D-07,0.8822117062232709,1
TCGA-D8-A1XW-01A-11R-A14M-07,0.5542430135088983,1
TCGA-AO-A0JG-01A-31R-A084-07,0.7927113565157115,0
TCGA-BH-A18N-01A-11R-A12D-07,0.7137500828559256,1
TCGA-A1-A0SO-01A-22R-A084-07,0.20116556925724632,0
TCGA-BH-A0B5-01A-11R-A12P-07,0.8402789235690693,0
TCGA-A8-A09T-01A-11R-A00Z-07,0.8535885226677931,1
TCGA-BH-A0BR-01A-21R-A115-07,0.846130203458607,1
TCGA-D8-A27W-01A-11R-A16F-07,0.6385002780439936,1
TCGA-BH-A0BW-01A-11R-A115-07,0.4183609448931535,1
TCGA-GM-A2DB-01A-31R-A18M-07,0.4601806305828793,0
TCGA-AC-A2QH-01A-11R-A18M-07,0.08532888728958056,1
TCGA-D8-A1JB-01A-11R-A13Q-07,0.8440809685396353,1
TCGA-BH-A1ES-01A-11R-A137-07,0.773702022574411,1
TCGA-OL-A97C-01A-32R-A41B-07,0.7327387346413904,1
TCGA-A2-A0YF-01A-21R-A109-07,0.8293635894886299,1
TCGA-D8-A1XS-01A-11R-A14M-07,0.8531647740730088,1
TCGA-D8-A140-01A-11R-A115-07,0.7619034469987341,1
TCGA-A8-A09Q-01A-11R-A00Z-07,0.7686065646670203,1
TCGA-B6-A0I1-01A-11R-A21T-07,0.2791399291616005,1
TCGA-AO-A0JE-01A-11R-A056-07,0.7618442548461273,1
TCGA-A2-A1FW-01A-11R-A13Q-07,0.40260451938471686,1
TCGA-D8-A1XY-01A-11R-A14M-07,0.8729932134400192,1
TCGA-A2-A04R-01A-41R-A109-07,0.6473979114789495,0
TCGA-A2-A1FX-01A-11R-A13Q-07,0.7656860255811251,1
TCGA-A8-A07W-01A-11R-A00Z-07,0.6474475677963167,1
TCGA-D8-A1XK-01A-21R-A14M-07,0.23379979023257946,1
TCGA-D8-A3Z5-01A-41R-A24H-07,0.6597054808840499,1
TCGA-LL-A5YM-01A-11R-A28M-07,0.24362643349724245,1
TCGA-B6-A0IJ-01A-11R-A034-07,0.3382663369410946,0
TCGA-A8-A06N-01A-11R-A00Z-07,0.1847924370083317,1
TCGA-GM-A2DM-01A-11R-A180-07,0.7567278854621896,1
TCGA-E2-A15D-01A-11R-A115-07,0.8915224710949236,1
TCGA-B6-A1KI-01A-11R-A14M-07,0.7920067569262942,1
TCGA-D8-A1JS-01A-11R-A13Q-07,0.38392708159449346,1
TCGA-PE-A5DD-01A-12R-A27Q-07,0.8607720983188072,1
TCGA-BH-A0BG-01A-11R-A115-07,0.5086759380413308,1
TCGA-LL-A6FQ-01A-11R-A31O-07,0.3876517832136073,0
TCGA-E2-A1IN-01A-11R-A13Q-07,0.9247652536767366,1
TCGA-A8-A06T-01A-11R-A00Z-07,0.6776526026438602,1
TCGA-B6-A402-01A-11R-A239-07,0.38060647687549143,1
TCGA-E2-A9RU-01A-11R-A41B-07,0.45073343762467644,1
TCGA-A2-A3XW-01A-11R-A239-07,0.4042511922316947,1
TCGA-B6-A0RU-01A-11R-A084-07,0.6011607341614726,0
TCGA-A8-A086-01A-11R-A00Z-07,0.8887372119784525,1
TCGA-B6-A40C-01A-11R-A239-07,0.7583917496510882,1
TCGA-D8-A1JF-01A-11R-A13Q-07,0.5118255604692535,1
TCGA-A2-A0T6-01A-11R-A084-07,0.8486444302086249,1
TCGA-BH-A1FG-01A-11R-A13Q-07,0.7201583996798365,0
TCGA-GM-A3NY-01A-11R-A21T-07,0.6977966617539779,1
TCGA-AN-A0AK-01A-21R-A00Z-07,0.4605092843634075,1
TCGA-BH-A1FC-01A-11R-A13Q-07,0.32059093706669345,1
TCGA-E9-A227-01A-11R-A157-07,0.864749714382927,1
TCGA-BH-A18P-01A-11R-A12D-07,0.8382058877561213,1
TCGA-E2-A15R-01A-11R-A115-07,0.5544317291322409,1
TCGA-BH-A0WA-01A-11R-A109-07,0.4983834616122783,0
TCGA-BH-A42T-01A-11R-A24H-07,0.6928085834022876,1
TCGA-AC-A23H-01A-11R-A157-07,0.6475634296849279,1
TCGA-OL-A66I-01A-21R-A29R-07,0.43581081167619196,1
TCGA-S3-AA17-01A-11R-A41B-07,0.7985977623591178,1
TCGA-AR-A1AL-01A-21R-A12P-07,0.840396020038902,0
TCGA-AC-A2B8-01A-11R-A17B-07,0.9249315249151987,1
TCGA-D8-A1XO-01A-11R-A14M-07,0.8139096923716516,1
TCGA-C8-A26Y-01A-11R-A16F-07,0.5348026174856348,1
TCGA-BH-A0DG-01A-21R-A12P-07,0.9110864970863932,1
TCGA-E9-A243-01A-21R-A169-07,0.5526142209686633,1
TCGA-A2-A04W-01A-31R-A115-07,0.5501091288500789,1
TCGA-A8-A09G-01A-21R-A00Z-07,0.6576238205986408,1
TCGA-BH-A0DI-01A-21R-A12P-07,0.8918679978515521,1
TCGA-E2-A152-01A-11R-A12D-07,0.7660521278457431,1
TCGA-AQ-A7U7-01A-22R-A352-07,0.8216477843211558,1
TCGA-BH-A0BZ-01A-31R-A12P-07,0.6917184376215868,1
TCGA-EW-A1OV-01A-11R-A144-07,0.686512945787858,1
TCGA-A8-A0A7-01A-11R-A00Z-07,0.7555661438739344,1
TCGA-BH-A1EN-01A-11R-A13Q-07,0.47733855433985517,1
TCGA-E2-A1IE-01A-11R-A13Q-07,0.7810564455901446,1
TCGA-BH-A0HW-01A-11R-A034-07,0.5357218195563567,1
TCGA-BH-A0BJ-01A-11R-A056-07,0.890690027866069,1
TCGA-AO-A03N-01B-11R-A10J-07,0.6528333352137142,1
TCGA-EW-A1P3-01A-11R-A144-07,0.8288137283241768,1
TCGA-B6-A0I2-01A-11R-A034-07,0.32504717312354814,0
TCGA-EW-A1PD-01A-11R-A144-07,0.8899702579704013,1
TCGA-B6-A0IH-01A-11R-A115-07,0.8201486333834449,0
TCGA-E2-A15M-01A-11R-A12D-07,0.882964903043131,1
TCGA-BH-A0H9-01A-11R-A056-07,0.8195324755940593,0
TCGA-BH-A0HL-01A-11R-A10U-07,0.48763070916328016,0
TCGA-A8-A07G-01A-11R-A034-07,0.8896095624273715,1
TCGA-E2-A1IL-01A-11R-A14D-07,0.7834249874904542,1
TCGA-AR-A0U4-01A-11R-A109-07,0.3701613450135281,1
TCGA-D8-A147-01A-11R-A115-07,0.472249636373631,1
TCGA-BH-A0HY-01A-11R-A056-07,0.6986977508879375,1
TCGA-D8-A1XT-01A-11R-A14M-07,0.6290823139027364,0
TCGA-E2-A14W-01A-11R-A12D-07,0.6290407020746653,1
TCGA-E9-A1RB-01A-11R-A157-07,0.7141532091824517,1
TCGA-LL-A5YL-01A-12R-A29R-07,0.7654003321034424,0
TCGA-WT-AB41-01A-11R-A41B-07,0.4800934002959546,1
TCGA-A8-A09Z-01A-11R-A00Z-07,0.5186395046003833,0
TCGA-AN-A0FX-01A-11R-A034-07,0.6131910294628687,1
TCGA-B6-A409-01A-11R-A24H-07,0.3845087464918149,1
TCGA-EW-A1PG-01A-11R-A144-07,0.6220595280304757,1
TCGA-OL-A6VR-01A-32R-A33J-07,0.7235994577923246,1
TCGA-BH-A1FN-01A-11R-A13Q-07,0.6282107658032582,1
TCGA-AR-A2LR-01A-12R-A18M-07,0.40992763200431215,1
TCGA-A7-A5ZX-01A-12R-A29R-07,0.7800426489093595,1
TCGA-LL-A73Y-01A-11R-A33J-07,0.6373081781953507,1
TCGA-A2-A25D-01A-12R-A16F-07,0.8033822054387708,0
TCGA-BH-A0C7-01B-11R-A115-07,0.7791473555965405,1
TCGA-E2-A570-01A-11R-A29R-07,0.9018387421412043,1
TCGA-BH-A1FL-01A-11R-A13Q-07,0.8529660356428832,1
TCGA-A1-A0SG-01A-11R-A144-07,0.8277670239425092,1
TCGA-A8-A07U-01A-11R-A034-07,0.5196724778449427,0
TCGA-E2-A15L-01A-11R-A12D-07,0.8467912352924644,1
TCGA-E9-A1R4-01A-21R-A14D-07,0.8104257063550301,0
TCGA-AR-A0TS-01A-11R-A115-07,0.5352739712854395,1
TCGA-E2-A10F-01A-11R-A10J-07,0.9475991885939151,1
TCGA-AO-A128-01A-11R-A10J-07,0.3828794946953906,1
TCGA-AR-A0U3-01A-11R-A109-07,0.7396268099312018,1
TCGA-BH-A0DL-01A-11R-A115-07,0.40631426044469715,1
TCGA-A7-A0D9-01A-31R-A056-07,0.6978087048119261,1
TCGA-AN-A0FD-01A-11R-A034-07,0.8243860054946247,1
TCGA-A2-A0YK-01A-22R-A109-07,0.802451967976795,1
TCGA-BH-A1FH-01A-12R-A13Q-07,0.7933870454811242,1
TCGA-C8-A12T-01A-11R-A115-07,0.7577323211250875,1
TCGA-B6-A2IU-01A-32R-A18M-07,0.807018521906612,1
TCGA-4H-AAAK-01A-12R-A41B-07,0.9089903218842499,1
TCGA-E2-A1IU-01A-11R-A14D-07,0.8341750244171195,0
TCGA-3C-AALK-01A-11R-A41B-07,0.9040853779045529,1
TCGA-D8-A27M-01A-11R-A16F-07,0.5128928840685821,1
TCGA-E2-A56Z-01A-12R-A29R-07,0.6400886412868572,1
TCGA-AO-A1KQ-01A-11R-A13Q-07,0.7830981303601068,1
TCGA-AR-A2LE-01A-11R-A180-07,0.6325976385087023,1
TCGA-E2-A1BC-01A-11R-A12P-07,0.7114676435791635,1
TCGA-BH-A0E6-01A-11R-A034-07,0.402650176817126,1
TCGA-AO-A0J2-01A-11R-A034-07,0.5050916752872321,1
TCGA-A7-A6VX-01A-12R-A33J-07,0.8324158216878575,0
TCGA-E2-A1LI-01A-12R-A157-07,0.4047554388813545,0
TCGA-AR-A1AT-01A-11R-A12P-07,0.790562222276448,1
TCGA-A7-A426-01A-22R-A24H-07,0.7629780751590005,1
TCGA-A2-A25C-01A-11R-A169-07,0.7161665248290269,1
TCGA-B6-A0RL-01A-11R-A084-07,0.26279988952403316,1
TCGA-OK-A5Q2-01A-11R-A27Q-07,0.9150876231470861,1
TCGA-E9-A244-01A-11R-A169-07,0.3756639913252842,1
TCGA-E9-A1R6-01A-11R-A14D-07,0.7814618854009721,1
TCGA-BH-A8G0-01A-11R-A352-07,0.8231787599848625,1
TCGA-EW-A1IZ-01A-11R-A13Q-07,0.7666827008875639,0
TCGA-AO-A0J5-01A-11R-A034-07,0.8988136247522943,1
TCGA-E2-A1AZ-01A-11R-A12P-07,0.4971028678790004,1
TCGA-B6-A0RE-01A-11R-A056-07,0.44989418165765876,1
TCGA-A7-A4SE-01A-11R-A266-07,0.49539077354073563,0
TCGA-LL-A740-01A-21R-A32P-07,0.7733209481628169,1
TCGA-A8-A07R-01A-21R-A034-07,0.2864480032501198,0
TCGA-S3-AA10-01A-21R-A41B-07,0.34305237933075394,1
TCGA-A7-A4SF-01A-11R-A266-07,0.5125276057084245,0
TCGA-A7-A0CG-01A-12R-A056-07,0.8489466606416075,0
TCGA-E2-A1LS-01A-12R-A157-07,0.21311761189032521,1
TCGA-AR-A24P-01A-11R-A169-07,0.8938456820775448,0
TCGA-E9-A54Y-01A-11R-A466-07,0.08511844354622093,1
TCGA-AO-A0JA-01A-11R-A056-07,0.8894731408994653,1
TCGA-A8-A08A-01A-11R-A32Y-07,0.8061549983196454,1
TCGA-AR-A24V-01A-21R-A169-07,0.7971704979244638,1
TCGA-A2-A0CO-01A-13R-A22K-07,0.6855622542131159,1
TCGA-E2-A15I-01A-21R-A137-07,0.6944803564981685,0
TCGA-A2-A0SU-01A-11R-A084-07,0.8078972677385579,0
TCGA-AC-A3OD-01A-11R-A21T-07,0.5828485100785802,1
TCGA-AC-A3YJ-01A-11R-A22U-07,0.5163099587168474,0
TCGA-AR-A0TZ-01A-12R-A084-07,0.7638918946237332,1
TCGA-A2-A0D3-01A-11R-A115-07,0.7361035573128509,1
TCGA-BH-A18L-01A-32R-A12D-07,0.5573352643432822,1
TCGA-EW-A2FW-01A-11R-A17B-07,0.5575167622845073,1
TCGA-A2-A0YL-01A-21R-A109-07,0.8622944750202891,1
TCGA-E9-A54X-01A-11R-A266-07,0.5615293093366772,1
TCGA-BH-A18F-01A-11R-A12D-07,0.9170887695617428,1
TCGA-W8-A86G-01A-21R-A36F-07,0.7565391897645952,1
TCGA-A8-A08T-01A-21R-A00Z-07,0.8578272736586824,1
TCGA-BH-A1EX-01A-11R-A13Q-07,0.8201967404915372,0
TCGA-A8-A08O-01A-21R-A056-07,0.8843952903580262,0
TCGA-AC-A6IX-01A-12R-A32P-07,0.9401889794420556,1
TCGA-C8-A27B-01A-11R-A169-07,0.3032462671303842,1
TCGA-PL-A8LZ-01A-31R-A36F-07,0.5510635212322498,1
TCGA-AR-A1AQ-01A-11R-A12P-07,0.5132617597065088,1
TCGA-BH-A1FU-01A-11R-A14D-07,0.7681969658399317,1
TCGA-A2-A0SY-01A-31R-A084-07,0.9189914199293516,1
TCGA-BH-A1EW-01A-11R-A137-07,0.8514113291546976,1
TCGA-GM-A3NW-01A-21R-A22K-07,0.830918638757916,0
TCGA-BH-A0W4-01A-11R-A109-07,0.9024123574985651,1
TCGA-AR-A1AS-01A-11R-A12P-07,0.7492830556298482,0
TCGA-EW-A1J6-01A-11R-A13Q-07,0.4502463315489872,1
TCGA-AC-A6NO-01A-12R-A33J-07,0.7936331549176273,1
TCGA-A7-A0CE-01A-11R-A00Z-07,0.437050173669024,0
TCGA-BH-A6R8-01A-21R-A33J-07,0.5224157754313752,1
TCGA-EW-A1OY-01A-11R-A144-07,0.7826180352132686,1
TCGA-BH-A0BS-01A-11R-A12P-07,0.7264102220099788,0
TCGA-A7-A6VY-01A-12R-A33J-07,0.49833560523391784,1
TCGA-A2-A0CK-01A-11R-A22K-07,0.8343557160281434,0
TCGA-AO-A12H-01A-11R-A115-07,0.7162587172148144,0
TCGA-C8-A12L-01A-11R-A115-07,0.5294778429814209,1
TCGA-A1-A0SQ-01A-21R-A144-07,0.6634365297445519,1
TCGA-A7-A56D-01A-11R-A27Q-07,0.28945660120887695,1
TCGA-A8-A09I-01A-22R-A034-07,0.7732255553610803,1
TCGA-BH-A0DH-01A-11R-A084-07,0.7068448456532205,1
TCGA-B6-A0X0-01A-21R-A115-07,0.8229994940257972,1
TCGA-S3-AA12-01A-11R-A41B-07,0.5973818010178938,1
TCGA-E2-A159-01A-11R-A115-07,0.6549613193691066,1
TCGA-D8-A27V-01A-12R-A17B-07,0.8115620763489532,1
TCGA-D8-A1JT-01A-31R-A13Q-07,0.32551101526509846,1
TCGA-C8-A138-01A-11R-A115-07,0.7270296394629759,1
TCGA-AO-A0J6-01A-11R-A034-07,0.3639941589705471,1
TCGA-AR-A24R-01A-11R-A169-07,0.7483524697890253,1
TCGA-AR-A0TY-01A-12R-A115-07,0.5229087030718796,1
TCGA-E9-A1QZ-01A-21R-A169-07,0.7704691483123715,1
TCGA-AR-A24W-01A-11R-A169-07,0.627084459300379,0
TCGA-LL-A5YP-01A-21R-A28M-07,0.5211885994065795,1
TCGA-B6-A0WY-01A-11R-A109-07,0.8932143647398587,1
TCGA-GM-A2DC-01A-11R-A18M-07,0.555984093172358,1
TCGA-A2-A4S2-01A-12R-A266-07,0.8430195931970955,1
TCGA-A8-A09X-01A-11R-A00Z-07,0.6406715668184453,1
TCGA-OL-A5RV-01A-12R-A28M-07,0.8637752128086467,1
TCGA-E2-A14P-01A-31R-A12D-07,0.4460327388796132,1
TCGA-C8-A8HQ-01A-11R-A36F-07,0.8493060107037071,1
TCGA-AR-A0TP-01A-11R-A084-07,0.3884656296486222,1
TCGA-A8-A09A-01A-11R-A00Z-07,0.8575671878331518,1
TCGA-A8-A08L-01A-11R-A00Z-07,0.6440790191400133,1
TCGA-A8-A08F-01A-11R-A00Z-07,0.6869882995967133,1
TCGA-GI-A2C9-01A-11R-A21T-07,0.6033954898648267,1
TCGA-A2-A0SW-01A-11R-A084-07,0.7215339700758305,1
TCGA-LD-A7W5-01A-22R-A352-07,0.7342856707520077,0
TCGA-D8-A27R-01A-11R-A16F-07,0.7489497715632757,1
TCGA-AO-A0JM-01A-21R-A056-07,0.8184630483529503,1
TCGA-GM-A2D9-01A-11R-A18M-07,0.8576090053265931,1
TCGA-D8-A1XU-01A-11R-A14M-07,0.8703628740276627,1
TCGA-AO-A1KT-01A-11R-A13Q-07,0.834604464876907,1
TCGA-C8-A12P-01A-11R-A115-07,0.5637711209042674,1
TCGA-LL-A6FR-01A-12R-A31O-07,0.19673314030510877,0
TCGA-AR-A1AJ-01A-21R-A12P-07,0.49602768716405665,1
TCGA-A8-A09D-01A-11R-A00Z-07,0.8477795371832579,1
TCGA-S3-A6ZF-01A-32R-A32P-07,0.8784024294452304,0
TCGA-E2-A150-01A-11R-A12D-07,0.48470686267406266,1
TCGA-BH-A18U-01A-21R-A12D-07,0.7714032983276993,1
TCGA-BH-A0GY-01A-11R-A056-07,0.8466871056617798,1
TCGA-AQ-A54N-01A-11R-A266-07,0.17278512531338547,1
TCGA-C8-A273-01A-11R-A16F-07,0.7650558557327892,1
TCGA-S3-AA14-01A-11R-A41B-07,0.8038679894102916,1
TCGA-A7-A2KD-01A-31R-A21T-07,0.7666761598662223,1
TCGA-C8-A131-01A-11R-A115-07,0.5339516194307008,1
TCGA-E2-A576-01A-11R-A31O-07,0.5530945937965123,1
TCGA-A2-A0T4-01A-31R-A084-07,0.9451294655289751,1
TCGA-A2-A04V-01A-21R-A034-07,0.889404973671981,0
TCGA-AR-A0U0-01A-11R-A109-07,0.35456998446790494,1
TCGA-BH-A0BO-01A-23R-A12D-07,0.5937752926024935,1
TCGA-A2-A3KC-01A-11R-A213-07,0.9117591565496317,0
TCGA-BH-A18T-01A-11R-A12D-07,0.2845545878335204,0
TCGA-EW-A1J2-01A-21R-A13Q-07,0.8916431980177966,1
TCGA-A8-A084-01A-21R-A00Z-07,0.7398000964194498,1
TCGA-A8-A08X-01A-21R-A00Z-07,0.7173406370359117,1
TCGA-GM-A2DH-01A-11R-A180-07,0.676760199736787,1
TCGA-D8-A27L-01A-11R-A16F-07,0.9106343025526299,1
TCGA-A7-A3IZ-01A-11R-A213-07,0.738727426212061,1
TCGA-AN-A04D-01A-21R-A034-07,0.27269297484322075,1
TCGA-5L-AAT0-01A-12R-A41B-07,0.8834043530854911,1
TCGA-AR-A1AU-01A-11R-A12P-07,0.8622970471078638,1
TCGA-AC-A6IV-01A-12R-A33J-07,0.8626194441366802,1
TCGA-E2-A15C-01A-31R-A12D-07,0.825737928698875,1
TCGA-AO-A1KP-01A-11R-A13Q-07,0.5095547566154583,1
TCGA-E2-A15G-01A-11R-A12D-07,0.855991747404619,1
TCGA-A2-A3KD-01A-12R-A213-07,0.9056341398586829,0
TCGA-D8-A1X5-01A-11R-A14D-07,0.7267298106031403,1
TCGA-AQ-A04L-01B-21R-A10J-07,0.611496228953826,1
TCGA-A8-A096-01A-11R-A00Z-07,0.87430226066209,1
TCGA-A2-A0YH-01A-11R-A109-07,0.8441326991693112,1
TCGA-AN-A0FW-01A-11R-A034-07,0.7805391962158542,1
TCGA-D8-A27H-01A-11R-A16F-07,0.4267862532453959,0
TCGA-OL-A6VQ-01A-12R-A41B-07,0.7889585436927062,1
TCGA-A7-A4SA-01A-11R-A266-07,0.7810337991887765,0
TCGA-C8-A274-01A-11R-A16F-07,0.8414852999132949,1
TCGA-E2-A15J-01A-11R-A12P-07,0.8019378132072218,1
TCGA-BH-A0B3-01A-11R-A056-07,0.5609390512847049,1
TCGA-E2-A153-01A-12R-A12D-07,0.9189445231613027,1
TCGA-WT-AB44-01A-11R-A41B-07,0.5836030122392131,1
TCGA-B6-A0RQ-01A-11R-A115-07,0.7181712456003048,1
TCGA-A2-A0YM-01A-11R-A109-07,0.27781732565074907,1
TCGA-C8-A1HI-01A-11R-A137-07,0.8734237583533446,1
TCGA-AC-A3TM-01A-11R-A22K-07,0.6559333686019287,1
TCGA-A7-A0CD-01A-11R-A00Z-07,0.6005529052528352,0
TCGA-D8-A145-01A-11R-A115-07,0.8601930367010933,1
TCGA-BH-A0EB-01A-11R-A034-07,0.8382914943196805,1
TCGA-AR-A0TV-01A-21R-A084-07,0.43704793457214874,1
TCGA-E2-A15P-01A-11R-A115-07,0.8229332963479307,1
TCGA-A2-A04T-01A-21R-A034-07,0.3685535115626467,1
TCGA-E9-A2JT-01A-22R-A18M-07,0.657592482970587,1
TCGA-OL-A5RW-01A-11R-A28M-07,0.25060780547986344,0
TCGA-PL-A8LV-01A-21R-A41B-07,0.39368430101837953,1
TCGA-BH-A18M-01A-11R-A12D-07,0.9210638180784506,1
TCGA-D8-A27N-01A-11R-A16F-07,0.7389873475212695,1
TCGA-C8-A3M8-01A-11R-A213-07,0.8197502040392114,1
TCGA-B6-A0WW-01A-11R-A109-07,0.8563028756786258,1
TCGA-E9-A3X8-01A-31R-A22U-07,0.4647408696246975,1
TCGA-C8-A133-01A-32R-A12D-07,0.4850324117426164,0
TCGA-D8-A1X6-01A-11R-A14M-07,0.5327678457100538,1
TCGA-A2-A04P-01A-31R-A034-07,0.37239655968073904,1
TCGA-E9-A1N3-01A-12R-A157-07,0.5917969849852138,1
TCGA-AN-A0XP-01A-11R-A109-07,0.8022021226872249,1
TCGA-E2-A1LK-01A-21R-A14D-07,0.2190157751173148,0
TCGA-C8-A132-01A-31R-A115-07,0.8700807857536721,1
TCGA-PE-A5DE-01A-11R-A27Q-07,0.7954325801619826,1
TCGA-EW-A6SC-01A-12R-A32P-07,0.8774783584660965,1
TCGA-BH-A0EI-01A-11R-A115-07,0.8888757602087557,1
TCGA-A8-A08I-01A-11R-A00Z-07,0.6063595369628713,0
TCGA-AO-A124-01A-11R-A10J-07,0.32460180162458596,0
TCGA-AN-A0XR-01A-11R-A109-07,0.6109746322057773,1
TCGA-BH-A204-01A-11R-A157-07,0.3170741113137983,0
TCGA-AN-A0FF-01A-11R-A034-07,0.8868436828242403,1
TCGA-A2-A0T3-01A-21R-A115-07,0.6730612352017659,1
TCGA-B6-A0RI-01A-11R-A056-07,0.8952279542325938,1
TCGA-AO-A03R-01A-21R-A034-07,0.6317984987772158,1
TCGA-E9-A1RA-01A-11R-A14D-07,0.9004382347393305,1
TCGA-AN-A0XV-01A-11R-A109-07,0.8920069381931145,1
TCGA-E9-A1RI-01A-11R-A169-07,0.8537454740699304,1
TCGA-A8-A07J-01A-11R-A00Z-07,0.8011887562878146,0
TCGA-AC-A6IW-01A-12R-A33J-07,0.29856752252898755,1
TCGA-3C-AALJ-01A-31R-A41B-07,0.560776167877572,1
TCGA-AN-A0XS-01A-22R-A109-07,0.8226291913773767,1
TCGA-E9-A226-01A-21R-A157-07,0.6229868949603787,1
TCGA-C8-A12K-01A-21R-A115-07,0.46676862445311057,0
TCGA-BH-A202-01A-11R-A14M-07,0.7411067599567671,0
TCGA-OL-A66H-01A-11R-A29R-07,0.7408724825349307,1
TCGA-E9-A1N9-01A-11R-A14D-07,0.6544506873686968,0
TCGA-A2-A0T2-01A-11R-A084-07,0.379726622230313,1
TCGA-BH-A18H-01A-11R-A12D-07,0.7466218546323842,1
TCGA-UU-A93S-01A-21R-A41B-07,0.2516908808045021,1
TCGA-B6-A0RO-01A-22R-A084-07,0.6596398963239998,1
TCGA-E2-A10E-01A-21R-A10J-07,0.9141431635181183,1
TCGA-A7-A4SC-01A-12R-A266-07,0.8593662990957427,1
TCGA-B6-A0WZ-01A-11R-A109-07,0.7735911962291578,1
TCGA-A7-A6VW-01A-21R-A33J-07,0.27309438051313883,1
TCGA-E2-A1B5-01A-21R-A12P-07,0.784585708764476,1
TCGA-A8-A092-01A-11R-A00Z-07,0.791014195796214,1
TCGA-C8-A1HK-01A-21R-A13Q-07,0.5252437982123079,1
TCGA-BH-A0W3-01A-11R-A109-07,0.6407534734324101,1
TCGA-A7-A0CH-01A-21R-A00Z-07,0.8351711295660336,1
TCGA-AR-A1AX-01A-11R-A12P-07,0.8468524751366351,1
TCGA-EW-A1P0-01A-11R-A144-07,0.6913872773343246,1
TCGA-E9-A1NI-01A-11R-A14D-07,0.8285319729592865,1
TCGA-AO-A12E-01A-11R-A10J-07,0.8152947419129957,1
TCGA-D8-A1XJ-01A-11R-A14M-07,0.6887332881586805,1
TCGA-B6-A0I6-01A-11R-A034-07,0.4825089597626235,1
TCGA-E9-A1RH-01A-21R-A169-07,0.2968511230728508,1
TCGA-BH-A18Q-01A-12R-A12D-07,0.4887196026158247,1
TCGA-AO-A0JI-01A-21R-A056-07,0.759703202027398,1
TCGA-A2-A0CL-01A-11R-A115-07,0.733562630567719,1
TCGA-E2-A155-01A-11R-A12D-07,0.4242188175857798,1
TCGA-B6-A0I8-01A-11R-A034-07,0.8338923280005432,0
TCGA-E2-A14X-01A-11R-A115-07,0.5098974870140877,0
TCGA-AC-A3YI-01A-21R-A239-07,0.7138609176667853,1
TCGA-AR-A1AI-01A-11R-A12P-07,0.2388281763687609,1
TCGA-D8-A1JK-01A-11R-A13Q-07,0.659931090644662,1
TCGA-BH-A0C3-01A-21R-A12P-07,0.8503905602998924,1
TCGA-A8-A09C-01A-11R-A00Z-07,0.8429100650182331,1
TCGA-LL-A50Y-01A-11R-A266-07,0.629257086083365,1
TCGA-BH-A0B0-01A-21R-A115-07,0.9155670153538443,0
TCGA-OL-A66L-01A-12R-A31O-07,0.48701154003520647,1
TCGA-BH-A0AW-01A-11R-A056-07,0.7353641356919444,1
TCGA-D8-A1X8-01A-11R-A14M-07,0.831925940115795,1
TCGA-D8-A1JE-01A-11R-A13Q-07,0.6553369845664427,1
TCGA-BH-A1EO-01A-11R-A137-07,0.8455121454382657,1
TCGA-BH-A0HU-01A-11R-A034-07,0.7466522918874704,1
TCGA-BH-A0H7-01A-13R-A056-07,0.8449700195769906,1
TCGA-E9-A22D-01A-11R-A157-07,0.6627086478563462,1
TCGA-3C-AAAU-01A-11R-A41B-07,0.6102038428735205,1
TCGA-BH-A1FJ-01A-11R-A13Q-07,0.7138772796464373,1
TCGA-A8-A06P-01A-11R-A00Z-07,0.9167162905254753,1
TCGA-A2-A25B-01A-11R-A169-07,0.7212191857192647,1
TCGA-AC-A2BM-01A-11R-A21T-07,0.7248441522153722,1
TCGA-E9-A6HE-01A-11R-A31O-07,0.767638988000547,1
TCGA-AO-A03O-01A-11R-A00Z-07,0.5971183464203457,1
TCGA-A2-A0EU-01A-22R-A056-07,0.828201539164104,1
TCGA-A8-A06O-01A-11R-A00Z-07,0.815051026958833,1
TCGA-BH-A0BT-01A-11R-A12P-07,0.7320633621663509,1
TCGA-A2-A0YT-01A-11R-A109-07,0.7013354847541322,1
TCGA-E2-A14R-01A-11R-A115-07,0.31496801657192025,1
TCGA-B6-A0IC-01A-11R-A034-07,0.460083942324201,0
TCGA-AC-A5XU-01A-11R-A28M-07,0.6891551780825022,1
TCGA-AR-A250-01A-31R-A169-07,0.8013122818114877,0
TCGA-D8-A1XZ-01A-11R-A14M-07,0.6975391136449176,1
TCGA-B6-A0I9-01A-11R-A034-07,0.6376721203939534,1
TCGA-B6-A0IA-01A-11R-A034-07,0.3920621894854755,1
TCGA-E2-A14N-01A-31R-A137-07,0.24657394614040792,0
TCGA-PL-A8LY-01A-11R-A41B-07,0.6566401748592763,1
TCGA-LL-A441-01A-11R-A24H-07,0.6896272589091897,1
TCGA-A8-A08S-01A-11R-A034-07,0.7523640237322642,0
TCGA-A8-A09V-01A-11R-A034-07,0.689106928718669,1
TCGA-BH-A209-01A-11R-A157-07,0.7104155499939343,1
TCGA-GM-A5PX-01A-12R-A28M-07,0.7756624453250409,1
TCGA-A8-A085-01A-11R-A00Z-07,0.617042228628052,1
TCGA-A2-A25E-01A-11R-A169-07,0.7549750986505415,0
TCGA-D8-A1JG-01B-11R-A13Q-07,0.5856241599237414,1
TCGA-AC-A2FO-01A-11R-A180-07,0.883701698607542,1
TCGA-B6-A3ZX-01A-11R-A239-07,0.5484134874561423,1
TCGA-AN-A0FT-01A-11R-A034-07,0.7678833735658576,1
TCGA-AQ-A04H-01B-11R-A10J-07,0.5564653983308719,1
TCGA-AR-A1AR-01A-31R-A137-07,0.3150522121952528,1
TCGA-A2-A0CS-01A-11R-A115-07,0.8818000471977773,1
TCGA-A2-A1FZ-01A-51R-A14D-07,0.8767900922996649,1
TCGA-AC-A8OQ-01A-11R-A41B-07,0.5312031534379092,1
TCGA-AR-A0TR-01A-11R-A084-07,0.42494928622767214,1
TCGA-C8-A12M-01A-11R-A115-07,0.2917360043880959,1
TCGA-A1-A0SM-01A-11R-A084-07,0.880911864208601,1
TCGA-BH-A1ET-01A-11R-A137-07,0.7778049044760548,1
TCGA-A8-A0A1-01A-11R-A00Z-07,0.9246984513312689,1
TCGA-C8-A1HG-01A-11R-A137-07,0.503037718585381,1
TCGA-E9-A1NF-01A-11R-A14D-07,0.8639118985616762,1
TCGA-A2-A0D4-01A-11R-A00Z-07,0.5384512322782186,1
TCGA-BH-A2L8-01A-11R-A18M-07,0.9066556203690302,1
TCGA-A8-A093-01A-11R-A00Z-07,0.8792219537194604,1
TCGA-D8-A1Y3-01A-11R-A157-07,0.2780584701677852,1
TCGA-AR-A1AY-01A-21R-A12P-07,0.3246752573227558,1
TCGA-AO-A12F-01A-11R-A115-07,0.494869063415784,1
TCGA-AN-A0FL-01A-11R-A034-07,0.2952334326893886,1
TCGA-AR-A0TQ-01A-11R-A084-07,0.6762567688026021,1
TCGA-A2-A0CP-01A-11R-A034-07,0.8527950390261237,0
TCGA-AO-A129-01A-21R-A10J-07,0.5719716532497171,1
TCGA-D8-A1JH-01A-11R-A13Q-07,0.9094468869320746,1
TCGA-BH-A18K-01A-11R-A12D-07,0.9449494768115849,1
TCGA-B6-A0IM-01A-11R-A034-07,0.8109152396343011,1
TCGA-AO-A0J4-01A-11R-A034-07,0.5584180443535283,0
TCGA-AR-A1AW-01A-21R-A12P-07,0.7010732125595032,1
TCGA-AC-A62Y-01A-11R-A29R-07,0.8699750292421565,0
TCGA-A1-A0SH-01A-11R-A084-07,0.8680509447096488,1
TCGA-A8-A08C-01A-11R-A00Z-07,0.6595311963966279,1
TCGA-A2-A3XU-01A-12R-A22U-07,0.11085111222556361,1
TCGA-E2-A1LB-01A-11R-A144-07,0.5237875275613123,1
TCGA-D8-A1JJ-01A-31R-A14M-07,0.8499553665120615,1
TCGA-AN-A049-01A-21R-A00Z-07,0.8213336268457117,1
TCGA-A1-A0SN-01A-11R-A144-07,0.8064620606699058,0
TCGA-EW-A1IW-01A-11R-A13Q-07,0.9006990901542624,1
TCGA-LQ-A4E4-01A-11R-A266-07,0.6719015116918028,1
TCGA-E9-A5UP-01A-11R-A28M-07,0.4616478120227355,0
TCGA-EW-A1IY-01A-11R-A13Q-07,0.5611955298401763,1
TCGA-AN-A0XW-01A-11R-A109-07,0.8848542256728046,1
TCGA-AR-A24S-01A-11R-A169-07,0.8173191331866397,1
TCGA-AR-A2LM-01A-11R-A180-07,0.8393833391669135,1
TCGA-E9-A1NE-01A-21R-A14M-07,0.8452195717686303,1
TCGA-LL-A9Q3-01A-11R-A41B-07,0.5847940623137048,1
TCGA-AC-A8OP-01A-11R-A36F-07,0.8269315147590616,1
TCGA-E2-A572-01A-13R-A31O-07,0.16973721959595164,1
TCGA-B6-A0IP-01A-11R-A034-07,0.9171504336239026,1
TCGA-C8-A135-01A-11R-A115-07,0.6702796195494325,0
TCGA-D8-A1XL-01A-11R-A14M-07,0.760661201479761,0
TCGA-EW-A1PC-01B-11R-A21T-07,0.5462545293677521,0
TCGA-AO-A03M-01B-11R-A10J-07,0.7769975556736114,0
TCGA-AN-A0FN-01A-11R-A034-07,0.8296037868468651,1
TCGA-A7-A4SD-01A-11R-A266-07,0.44700269491836137,1
TCGA-BH-A0HN-01A-11R-A10U-07,0.39360537478183827,1
TCGA-S3-A6ZH-01A-22R-A32P-07,0.7229524768085116,0
TCGA-AC-A3QP-01A-11R-A22U-07,0.7750506675318993,0
TCGA-5L-AAT1-01A-12R-A41B-07,0.768772265030092,1
TCGA-AN-A0FY-01A-11R-A034-07,0.7601557247714166,0
TCGA-BH-A0BA-01A-11R-A056-07,0.8431610970481959,1
TCGA-A2-A0CU-01A-12R-A034-07,0.8251336202710257,1
TCGA-D8-A143-01A-11R-A115-07,0.35638324020853523,1
TCGA-BH-A0DE-01A-11R-A115-07,0.8160611932240247,1
TCGA-A2-A0EO-01A-11R-A034-07,0.8840154323105425,1
TCGA-AO-A0JF-01A-11R-A056-07,0.8640564995878507,1
TCGA-A8-A09E-01A-11R-A00Z-07,0.5733697761609542,1
TCGA-BH-A0AZ-01A-21R-A12P-07,0.9036881709353553,1
TCGA-GM-A2DN-01A-11R-A180-07,0.8901105828750789,1
TCGA-E2-A15T-01A-11R-A115-07,0.6742564627350892,1
TCGA-BH-A1F6-01A-11R-A13Q-07,0.5211330235002293,0
TCGA-BH-A0DX-01A-11R-A115-07,0.8885948228283786,1
TCGA-EW-A3U0-01A-11R-A22K-07,0.5224811525222708,0
TCGA-BH-A0DV-01A-21R-A12P-07,0.8540426595086156,1
TCGA-AC-A3TN-01A-11R-A22K-07,0.6206057392874599,1
TCGA-A1-A0SK-01A-12R-A084-07,0.09638564364265612,1
TCGA-B6-A0X5-01A-21R-A109-07,0.27969857107649027,1
TCGA-A2-A0YC-01A-11R-A109-07,0.8805409073560132,0
TCGA-A2-A0CZ-01A-11R-A034-07,0.7809700265980183,0
TCGA-C8-A27A-01A-11R-A169-07,0.4139145095371992,1
TCGA-AR-A1AP-01A-11R-A12P-07,0.8877352782821345,1
TCGA-BH-A0B4-01A-11R-A00Z-07,0.8873346380832412,0
TCGA-BH-A0BV-01A-11R-A00Z-07,0.8281181135420033,1
TCGA-AN-A0XO-01A-11R-A109-07,0.8774829917960878,0
TCGA-AC-A2QJ-01A-12R-A19W-07,0.06664129640887953,1
TCGA-GM-A2DD-01A-11R-A180-07,0.6792969365848414,0
TCGA-AR-A1AV-01A-21R-A12P-07,0.8749246887638966,1
TCGA-D8-A1XF-01A-11R-A14D-07,0.33081281982844335,1
TCGA-LL-A6FP-01A-11R-A31O-07,0.35009457247486653,1
TCGA-D8-A1XA-01A-11R-A14D-07,0.6902553526034859,1
TCGA-C8-A26V-01A-11R-A16F-07,0.7844842035356628,1
TCGA-PE-A5DC-01A-12R-A27Q-07,0.7451874258472568,0
TCGA-E2-A1LH-01A-11R-A14D-07,0.41418346360130653,1
TCGA-BH-A0B9-01A-11R-A056-07,0.30930069425789297,1
TCGA-E9-A1N8-01A-11R-A144-07,0.2840333416447128,1
TCGA-AC-A62V-01A-11R-A31O-07,0.24859497888854923,1
TCGA-EW-A1PH-01A-11R-A14M-07,0.4094070750663208,1
TCGA-AR-A5QP-01A-11R-A28M-07,0.8808297488174417,1
TCGA-BH-A5J0-01A-11R-A27Q-07,0.7168350370604799,1
TCGA-A1-A0SB-01A-11R-A144-07,0.4443988153536448,1
TCGA-B6-A0IK-01A-12R-A056-07,0.6789006218739929,1
TCGA-A8-A06Q-01A-11R-A034-07,0.33822462139583465,0
TCGA-AR-A2LH-01A-31R-A18M-07,0.8056584007107255,1
TCGA-AR-A24Z-01A-11R-A169-07,0.6163676067457279,1
TCGA-Z7-A8R5-01A-42R-A41B-07,0.7320156685050644,1
TCGA-A8-A0A9-01A-11R-A00Z-07,0.9221947531491552,0
TCGA-D8-A1JA-01A-11R-A13Q-07,0.36460528151654614,1
TCGA-AN-A0FK-01A-11R-A034-07,0.8797277953299425,1
TCGA-GM-A2DL-01A-11R-A18M-07,0.8836500781571036,1
TCGA-EW-A1P6-01A-11R-A144-07,0.875775034496434,1
TCGA-BH-A0EA-01A-11R-A115-07,0.7922828112308337,1
TCGA-BH-A8FY-01A-11R-A36F-07,0.5744295506748992,1
TCGA-E2-A1L9-01A-11R-A13Q-07,0.8901819176407321,1
TCGA-E9-A1R2-01A-11R-A14D-07,0.8727241772815916,1
TCGA-AC-A2FM-01A-11R-A19W-07,0.6819895582299432,1
TCGA-E2-A108-01A-13R-A10J-07,0.8214451519458802,1
TCGA-OL-A66O-01A-11R-A31O-07,0.5754216989291384,0
TCGA-C8-A275-01A-21R-A16F-07,0.5618368649053598,1
TCGA-B6-A0IO-01A-11R-A034-07,0.793557634528246,1
TCGA-BH-A0HO-01A-11R-A034-07,0.6666973616631588,1
TCGA-EW-A1P8-01A-11R-A144-07,0.4607243997576218,1
TCGA-A2-A0D0-01A-11R-A00Z-07,0.21489608851710254,1
TCGA-A2-A0SX-01A-12R-A084-07,0.6021256501805234,1
TCGA-D8-A27I-01A-11R-A16F-07,0.8841143776086106,0
TCGA-EW-A2FS-01A-11R-A17B-07,0.7991127276910243,0
TCGA-Z7-A8R6-01A-11R-A41B-07,0.7692143383726238,0
TCGA-E2-A15O-01A-11R-A115-07,0.7144800729968145,1
TCGA-V7-A7HQ-01A-11R-A33J-07,0.4294269931997466,1
TCGA-C8-A12W-01A-11R-A115-07,0.7889013231700496,1
TCGA-A7-A3IY-01A-21R-A21T-07,0.8735169815074679,1
TCGA-A8-A08B-01A-11R-A00Z-07,0.6588067298356727,1
TCGA-5T-A9QA-01A-11R-A41B-07,0.36088981058521896,1
TCGA-E2-A106-01A-11R-A10J-07,0.5846959424910214,1
TCGA-E2-A1B6-01A-31R-A12P-07,0.49411577434103277,1
TCGA-AC-A2FF-01A-11R-A17B-07,0.8516057644901087,0
TCGA-EW-A1PA-01A-11R-A144-07,0.8147941123227116,1
TCGA-D8-A27T-01A-11R-A16F-07,0.8879430761433184,1
TCGA-LD-A66U-01A-11R-A31O-07,0.7654105365801507,1
TCGA-A8-A07Z-01A-11R-A00Z-07,0.5881906320348594,1
TCGA-AR-A1AO-01A-11R-A12P-07,0.7844767380353836,1
TCGA-E2-A573-01A-11R-A29R-07,0.43251185267805903,1
TCGA-AC-A2FB-01A-11R-A17B-07,0.8093173796432191,1
TCGA-AN-A0G0-01A-11R-A034-07,0.40750600489795935,1
TCGA-BH-A0H5-01A-21R-A115-07,0.852085439061505,1
TCGA-A8-A07S-01A-11R-A034-07,0.738207115435579,1
TCGA-E9-A3QA-01A-61R-A22K-07,0.3823615468347295,1
TCGA-A1-A0SI-01A-11R-A144-07,0.8859793820584762,0
TCGA-A8-A09W-01A-11R-A00Z-07,0.7029950577632996,1
TCGA-BH-A1F0-01A-11R-A137-07,0.5045715797533167,1
TCGA-A2-A0D2-01A-21R-A034-07,0.3553598076887435,1
TCGA-OL-A5D8-01A-11R-A27Q-07,0.7057167863416042,1
TCGA-BH-A18G-01A-11R-A12D-07,0.5814324539167557,1
TCGA-A2-A0YI-01A-31R-A10J-07,0.8122491962906228,1
TCGA-A8-A0A4-01A-11R-A00Z-07,0.7965626576018687,1
TCGA-A7-A425-01A-11R-A24H-07,0.7607917131763434,1
TCGA-E9-A22A-01A-11R-A157-07,0.8077989398047766,1
TCGA-A8-A08J-01A-11R-A00Z-07,0.7768565676903066,1
TCGA-A2-A3Y0-01A-11R-A239-07,0.261277145952441,0
TCGA-AC-A2BK-01A-11R-A21T-07,0.1646106414918828,1
TCGA-B6-A0IN-01A-11R-A034-07,0.7412863473178919,0
TCGA-D8-A1JD-01A-11R-A13Q-07,0.9096536900020541,0
TCGA-GM-A2DK-01A-21R-A180-07,0.8153613140561431,1
TCGA-OL-A5RX-01A-11R-A28M-07,0.8735168377927554,1
TCGA-A8-A08Z-01A-21R-A00Z-07,0.8783820839506863,1
TCGA-A2-A0YD-01A-11R-A109-07,0.8783148965867242,1
TCGA-A7-A3J1-01A-11R-A213-07,0.802466847381342,1
TCGA-BH-A1FD-01A-11R-A13Q-07,0.7221536402111601,1
TCGA-A2-A0D1-01A-11R-A034-07,0.3292243905243181,0
TCGA-BH-A0BL-01A-11R-A115-07,0.6878538858927855,1
TCGA-E2-A1IH-01A-11R-A13Q-07,0.8582561257963106,1
TCGA-AR-A0TU-01A-31R-A109-07,0.1698417099690923,1
TCGA-AC-A2FG-01A-11R-A17B-07,0.8135065773319716,1
TCGA-GM-A4E0-01A-12R-A266-07,0.6334221389645728,0
TCGA-AC-A3W7-01A-11R-A22K-07,0.8951089424751592,1
TCGA-A8-A083-01A-21R-A00Z-07,0.5504957172798535,1
TCGA-A2-A0EN-01A-13R-A084-07,0.9435330143710758,1
TCGA-D8-A1Y0-01A-11R-A14M-07,0.8633284409806967,0
TCGA-AR-A1AK-01A-21R-A12P-07,0.789735564687163,1
TCGA-AC-A7VC-01A-11R-A352-07,0.19736665071210635,1
TCGA-A7-A0CJ-01A-21R-A00Z-07,0.6221131364583474,1
TCGA-AO-A03U-01B-21R-A10J-07,0.5587651185210568,1
TCGA-E2-A2P5-01A-11R-A19W-07,0.7778937616678566,1
TCGA-E2-A15S-01A-11R-A115-07,0.4221334117570322,1
TCGA-A1-A0SJ-01A-11R-A084-07,0.7565733137792451,0
TCGA-A2-A04N-01A-11R-A115-07,0.9211319880531708,1
TCGA-B6-A401-01A-11R-A239-07,0.7446981629422819,0
TCGA-D8-A1JU-01A-11R-A13Q-07,0.8267606618735387,1
TCGA-B6-A40B-01A-11R-A239-07,0.776412130182588,1
TCGA-LD-A9QF-01A-32R-A41B-07,0.7808321839169056,0
TCGA-AO-A03T-01A-21R-A034-07,0.6290959910927293,0
TCGA-E9-A3Q9-01A-11R-A21T-07,0.6225496820647097,0
TCGA-D8-A1JP-01A-11R-A13Q-07,0.8874427582093858,1
TCGA-BH-A18I-01A-11R-A12D-07,0.846799588455178,1
TCGA-BH-A28Q-01A-11R-A16F-07,0.8846318482716676,1
TCGA-EW-A1OW-01A-21R-A144-07,0.5276027032478019,1
TCGA-BH-A18R-01A-11R-A12D-07,0.6257613683567881,1
TCGA-AO-A0J8-01A-21R-A034-07,0.9297488240881197,0
TCGA-AC-A3BB-01A-21R-A19W-07,0.8979556808288188,0
TCGA-E9-A247-01A-11R-A169-07,0.7322240865339168,1
TCGA-D8-A73U-01A-11R-A33J-07,0.8007838909684893,0
TCGA-BH-A18V-01A-11R-A12D-07,0.3081537383001465,1
TCGA-BH-A0C1-01B-11R-A12D-07,0.8991121260540386,0
TCGA-AC-A3W6-01A-12R-A22K-07,0.8967281834605553,1
TCGA-BH-A1FR-01A-11R-A13Q-07,0.7633737100042114,1
TCGA-A2-A1G0-01A-11R-A13Q-07,0.7306374897814268,0
TCGA-BH-A0DQ-01A-11R-A084-07,0.9336637924530273,1
TCGA-A2-A0ER-01A-21R-A034-07,0.7521005124625745,1
TCGA-D8-A27P-01A-11R-A16F-07,0.8040816530302243,1
TCGA-B6-A1KN-01A-11R-A13Q-07,0.7407366837247498,1
TCGA-E9-A228-01A-31R-A157-07,0.6063843444087926,1
TCGA-BH-A0B2-01A-11R-A10J-07,0.9111249786837821,1
TCGA-B6-A0X4-01A-11R-A109-07,0.5143750630429486,0
TCGA-BH-A1EY-01A-11R-A13Q-07,0.8915213454383539,1
TCGA-BH-A0HX-01A-21R-A056-07,0.9125963140518678,1
TCGA-A8-A094-01A-11R-A00Z-07,0.6966279705290829,1
TCGA-AO-A1KR-01A-12R-A144-07,0.1823043927417169,0
TCGA-A2-A0CV-01A-31R-A115-07,0.7126061994659482,1
TCGA-A8-A076-01A-21R-A00Z-07,0.8699680987620636,1
TCGA-E9-A1RE-01A-11R-A157-07,0.662149471746973,1
TCGA-S3-A6ZG-01A-22R-A32P-07,0.8685799039488343,1
TCGA-A8-A06Z-01A-11R-A00Z-07,0.4495935160396405,1
TCGA-BH-A8FZ-01A-11R-A352-07,0.6971333712418829,1
TCGA-LL-A440-01A-11R-A24H-07,0.7649712820282633,1
TCGA-E9-A249-01A-11R-A169-07,0.802049432254381,1
TCGA-PL-A8LX-01A-11R-A41B-07,0.44273485161946874,1
TCGA-E2-A1L8-01A-11R-A13Q-07,0.8023427907550398,1
TCGA-EW-A6SD-01A-12R-A33J-07,0.6881159603785115,1
TCGA-AO-A0JL-01A-11R-A056-07,0.3676344098426944,1
TCGA-MS-A51U-01A-31R-A266-07,0.82874206027717,1
TCGA-BH-A0E7-01A-11R-A034-07,0.6938234374402282,1
TCGA-E9-A22G-01A-11R-A157-07,0.25441488102185206,1
TCGA-A8-A08R-01A-11R-A034-07,0.4324605562674459,1
TCGA-A2-A4S1-01A-21R-A266-07,0.1741822380888511,1
TCGA-E2-A1II-01A-11R-A144-07,0.270379492773584,1
TCGA-A7-A3J0-01A-11R-A213-07,0.7002239542843406,0
TCGA-BH-A0B8-01A-21R-A056-07,0.8564822809124354,0
TCGA-AR-A24L-01A-11R-A169-07,0.8561983000750246,1
TCGA-EW-A1J3-01A-11R-A13Q-07,0.8224175761853636,1
TCGA-AR-A5QM-01A-11R-A27Q-07,0.8586758118927317,1
TCGA-AO-A1KS-01A-11R-A13Q-07,0.45704536248773947,1
TCGA-D8-A1JI-01A-11R-A13Q-07,0.46028172805717205,1
TCGA-A8-A09N-01A-11R-A00Z-07,0.7438275659252633,1
TCGA-BH-A203-01A-12R-A169-07,0.710620887759581,1
TCGA-AR-A2LQ-01A-22R-A18M-07,0.7708413894912108,1
TCGA-AR-A251-01A-12R-A169-07,0.33759962543999306,1
TCGA-BH-A18J-01A-11R-A12D-07,0.8811785463894081,1
TCGA-D8-A1XM-01A-21R-A14M-07,0.9198924676130457,1
TCGA-BH-A0HA-01A-11R-A12P-07,0.8181999398633965,1
TCGA-AR-A0U2-01A-11R-A109-07,0.4756709133336242,1
TCGA-E2-A1B1-01A-21R-A12P-07,0.7694179107986311,1
TCGA-AC-A62X-01A-11R-A29R-07,0.22639865867740813,0
TCGA-A7-A5ZW-01A-12R-A29R-07,0.9133983076933432,1
TCGA-BH-A28O-01A-11R-A22K-07,0.6224197809953081,1
TCGA-D8-A1XQ-01A-11R-A14M-07,0.48280738373130094,0
TCGA-E9-A248-01A-11R-A169-07,0.4978815953154742,1
TCGA-A8-A07E-01A-11R-A034-07,0.903801140437129,1
TCGA-AC-A23E-01A-11R-A157-07,0.9046265173652799,1
TCGA-E9-A1N4-01A-11R-A14M-07,0.7404016488044325,1
TCGA-E2-A15H-01A-11R-A12D-07,0.8658121115975149,0
TCGA-E2-A1IJ-01A-11R-A144-07,0.8999671639732875,1
TCGA-D8-A1XR-01A-11R-A14M-07,0.6681230101021106,1
TCGA-A8-A075-01A-11R-A084-07,0.8594150287903927,1
TCGA-A8-A06U-01A-11R-A00Z-07,0.8364245957702219,0
TCGA-B6-A0X7-01A-11R-A10J-07,0.8868073608451695,1
TCGA-AQ-A04J-01A-02R-A034-07,0.657173638877113,1
TCGA-A2-A0CQ-01A-21R-A034-07,0.7994659640679285,1
TCGA-A8-A07F-01A-11R-A00Z-07,0.8551236538393253,1
TCGA-A8-A082-01A-11R-A00Z-07,0.7433962767081882,1
TCGA-AN-A0XT-01A-11R-A109-07,0.6931157755788586,1
TCGA-AR-A24X-01A-11R-A169-07,0.889744824003946,0
TCGA-A2-A04Y-01A-21R-A034-07,0.7420911225108302,1
TCGA-A2-A1G4-01A-11R-A13Q-07,0.7187836769225943,1
TCGA-B6-A0IE-01A-11R-A034-07,0.7251790846421369,1
TCGA-A8-A079-01A-21R-A00Z-07,0.5770902481847203,1
TCGA-E2-A15E-01A-11R-A12D-07,0.8702026592529402,1
TCGA-E9-A1R3-01A-31R-A14M-07,0.6463332074681105,1
TCGA-AR-A0TT-01A-31R-A084-07,0.7730050757919542,0
TCGA-S3-AA0Z-01A-11R-A41B-07,0.3638368442102631,1
TCGA-BH-A0E1-01A-11R-A056-07,0.8215878311950524,1
TCGA-AC-A23G-01A-11R-A213-07,0.8167492874997535,1
TCGA-GM-A3XG-01A-31R-A24H-07,0.654635082777473,1
TCGA-AR-A1AM-01A-41R-A22K-07,0.8652640825184471,0
TCGA-E9-A1N5-01A-11R-A14D-07,0.8815593539435829,1
TCGA-A2-A3XX-01A-21R-A239-07,0.3926439131755431,1
TCGA-BH-A0BQ-01A-21R-A115-07,0.9048011274267865,1
TCGA-EW-A1P7-01A-21R-A144-07,0.6530299094857837,1
TCGA-BH-A5IZ-01A-11R-A27Q-07,0.3685682751192173,1
TCGA-D8-A1X7-01A-11R-A14M-07,0.7367587127869034,0
TCGA-BH-A0DP-01A-21R-A056-07,0.908189049924126,1
TCGA-AC-A7VB-01A-11R-A352-07,0.34390100718331046,0
TCGA-A2-A0ST-01A-12R-A084-07,0.4800095829711003,1
TCGA-A2-A0ES-01A-11R-A115-07,0.7607214931028333,1
TCGA-BH-A0DT-01A-21R-A12D-07,0.918673573501537,1
TCGA-AN-A0AR-01A-11R-A00Z-07,0.27109009662523526,1
TCGA-A2-A0YJ-01A-11R-A109-07,0.24132191721836993,0
TCGA-D8-A4Z1-01A-21R-A266-07,0.7996111907678356,0
TCGA-AO-A0JC-01A-11R-A056-07,0.4668008111607108,1
TCGA-A2-A04Q-01A-21R-A034-07,0.5696368759852961,0
TCGA-GM-A2DF-01A-11R-A180-07,0.4125475538445835,1
TCGA-GM-A2DI-01A-31R-A18M-07,0.8505936279745134,1
TCGA-LL-A5YO-01A-21R-A28M-07,0.5691151338533,0
TCGA-EW-A3E8-01B-11R-A24H-07,0.8425936245161582,0
TCGA-BH-A0E9-01B-11R-A115-07,0.8411895634024809,1
TCGA-AR-A1AH-01A-11R-A12D-07,0.2968009358166917,1
TCGA-E2-A10A-01A-21R-A115-07,0.8496750677337579,1
TCGA-C8-A1HF-01A-11R-A137-07,0.7099834629264433,1
TCGA-A7-A13H-01A-11R-A22K-07,0.8678109571503162,1
TCGA-A7-A13F-01A-11R-A12P-07,0.639485715896733,1
TCGA-D8-A1XV-01A-11R-A14M-07,0.7202427051447147,0
TCGA-E2-A574-01A-11R-A29R-07,0.1473941147252871,1
TCGA-GM-A5PV-01A-11R-A28M-07,0.7652121543164857,1
TCGA-EW-A1PB-01A-11R-A144-07,0.2895101794669597,0
TCGA-E2-A1IO-01A-11R-A144-07,0.9054466681408994,1
TCGA-B6-A0RH-01A-21R-A115-07,0.769457532649491,1
TCGA-BH-A0B7-01A-12R-A115-07,0.7812246367960574,1
TCGA-C8-A137-01A-11R-A115-07,0.5856751848053633,0
TCGA-LL-A8F5-01A-11R-A36F-07,0.3184744403282928,1
TCGA-AQ-A0Y5-01A-11R-A14M-07,0.8039646756716224,1
TCGA-D8-A13Z-01A-11R-A115-07,0.566382845557406,0
TCGA-A2-A4RX-01A-11R-A266-07,0.5456809342836172,1
TCGA-AR-A24U-01A-11R-A169-07,0.6923361653772864,1
TCGA-E2-A105-01A-11R-A10J-07,0.6376033975999555,1
TCGA-C8-A1HN-01A-11R-A137-07,0.6120286562199695,1
TCGA-BH-A18S-01A-11R-A12D-07,0.6812012492732404,1
TCGA-E2-A14Q-01A-11R-A12D-07,0.847349503135566,1
TCGA-A7-A0DA-01A-31R-A115-07,0.6002768499022677,1
TCGA-EW-A1P4-01A-21R-A144-07,0.33010905029067156,1
TCGA-A8-A081-01A-11R-A00Z-07,0.6310828532719991,1
TCGA-BH-A0E0-01A-11R-A056-07,0.4121190879736564,1
TCGA-OL-A66N-01A-12R-A31O-07,0.6758006411720797,0
TCGA-E2-A2P6-01A-11R-A19W-07,0.6685698598443696,0
TCGA-BH-A0DK-01A-21R-A056-07,0.8219707223224528,1
TCGA-E9-A5UO-01A-11R-A28M-07,0.3072549378624428,1
TCGA-D8-A1JC-01A-11R-A13Q-07,0.8357954351343094,1
TCGA-C8-A134-01A-11R-A115-07,0.44567261322188484,1
TCGA-A2-A3XT-01A-11R-A22U-07,0.4277146146776561,1
TCGA-AR-A256-01A-11R-A169-07,0.28816154486479784,1
TCGA-D8-A1JL-01A-11R-A13Q-07,0.5922724631652806,1
TCGA-E9-A24A-01A-11R-A169-07,0.725800321567938,1
TCGA-A2-A3XZ-01A-42R-A239-07,0.6911960852217328,1
TCGA-BH-A0BF-01A-21R-A12P-07,0.8992311922154226,1
TCGA-D8-A27F-01A-11R-A16F-07,0.3123929666297021,1
TCGA-A2-A0CY-01A-12R-A034-07,0.3290266191170012,1
TCGA-D8-A27E-01A-11R-A16F-07,0.5756792291881883,0
TCGA-A2-A0EP-01A-52R-A22U-07,0.7599408940927961,1
TCGA-GI-A2C8-01A-11R-A16F-07,0.7703856725252658,1
TCGA-A8-A099-01A-11R-A00Z-07,0.7722109367586273,0
TCGA-A2-A04U-01A-11R-A115-07,0.20695954598043922,1
TCGA-BH-A0HP-01A-12R-A084-07,0.8624130554703049,1
TCGA-EW-A2FV-01A-11R-A17B-07,0.822182431673512,1
TCGA-A2-A0CR-01A-11R-A22K-07,0.5676865129770672,1
TCGA-BH-A0DS-01A-11R-A056-07,0.9175516391072607,1
TCGA-D8-A1XC-01A-11R-A14D-07,0.6367755088682129,1
TCGA-E2-A14O-01A-31R-A115-07,0.44573732882268124,1
TCGA-A1-A0SF-01A-11R-A144-07,0.880139798309312,1
TCGA-A8-A06X-01A-21R-A00Z-07,0.6949839528106749,1
TCGA-BH-A0HI-01A-11R-A084-07,0.87445538903424,1
TCGA-E2-A14U-01A-11R-A22K-07,0.6675283239037276,1
TCGA-E2-A15A-01A-11R-A12D-07,0.8320240423745905,0
TCGA-A2-A1G6-01A-11R-A13Q-07,0.5566347258216253,1
TCGA-B6-A1KC-01B-11R-A157-07,0.28113988574947807,1
TCGA-OL-A5RZ-01A-11R-A28M-07,0.3057258777498466,1
TCGA-A8-A07I-01A-11R-A00Z-07,0.7462172966952113,0
TCGA-A2-A0T0-01A-22R-A084-07,0.5077979736408317,1
TCGA-BH-A42V-01A-11R-A24H-07,0.7890715682694331,1
TCGA-GM-A3XN-01A-12R-A22U-07,0.8723728443148081,1
TCGA-D8-A3Z6-01A-11R-A239-07,0.8022983348527858,1
TCGA-B6-A0IQ-01A-11R-A034-07,0.2688314413187862,1
TCGA-A8-A095-01A-11R-A00Z-07,0.894375017960982,1
TCGA-AO-A125-01A-11R-A10J-07,0.6028494527060053,1
TCGA-EW-A6SA-01A-21R-A32P-07,0.3432479612840256,0
TCGA-BH-A0DD-01A-31R-A12P-07,0.7693676881621652,1
TCGA-AO-A0J3-01A-11R-A034-07,0.40157492429807823,0
TCGA-A2-A3XS-01A-11R-A22U-07,0.6042394807962439,0
TCGA-AC-A8OR-01A-21R-A41B-07,0.8098397255493617,1
TCGA-BH-A0HK-01A-11R-A056-07,0.7857849510748768,1
TCGA-E2-A1IG-01A-11R-A144-07,0.7889395604455565,1
TCGA-AO-A12B-01A-11R-A10J-07,0.5588575130097014,1
TCGA-EW-A1J5-01A-11R-A13Q-07,0.8394191097546481,1
TCGA-C8-A12Q-01A-11R-A115-07,0.7903872711187775,1
TCGA-A2-A0EQ-01A-11R-A034-07,0.6580591051351311,0
TCGA-GM-A3XL-01A-11R-A22U-07,0.30372629368949416,1
TCGA-BH-A1EU-01A-11R-A137-07,0.7294832456440354,1
TCGA-BH-A0RX-01A-21R-A084-07,0.5445862240961892,1
TCGA-E9-A1RF-01A-11R-A157-07,0.7999050510940513,1
TCGA-AC-A2QI-01A-12R-A19W-07,0.7941571129138476,1
TCGA-A8-A090-01A-11R-A00Z-07,0.8025969498298754,0
TCGA-AR-A5QQ-01A-11R-A28M-07,0.2439585868610897,1
TCGA-XX-A899-01A-11R-A36F-07,0.8764330274678424,1
TCGA-E2-A156-01A-11R-A12D-07,0.7180177055993903,1
TCGA-AN-A04C-01A-21R-A034-07,0.5046865376382309,0
TCGA-AN-A0AT-01A-11R-A034-07,0.35119456842155694,1
TCGA-UL-AAZ6-01A-11R-A41B-07,0.5823891381317722,1
TCGA-D8-A1X9-01A-12R-A157-07,0.8553135767966443,1
TCGA-E9-A22E-01A-11R-A157-07,0.8457486644449327,1
TCGA-BH-A1FB-01A-11R-A13Q-07,0.8319704765640202,1
TCGA-C8-A8HR-01A-11R-A36F-07,0.8774984928397824,1
TCGA-EW-A2FR-01A-11R-A21T-07,0.7745832771888528,1
TCGA-AN-A0AJ-01A-11R-A00Z-07,0.7033961703298217,1
TCGA-LD-A7W6-01A-81R-A352-07,0.8283853042753802,1
TCGA-BH-A0B6-01A-11R-A19W-07,0.8292711681961998,1
TCGA-AR-A252-01A-11R-A169-07,0.7458707743222992,1
TCGA-AR-A254-01A-21R-A169-07,0.7072325622105183,1
TCGA-AO-A03P-01A-11R-A00Z-07,0.5749894191120064,1
TCGA-A8-A07O-01A-11R-A00Z-07,0.2963440715534194,0
TCGA-EW-A1PE-01A-11R-A144-07,0.8089976016894516,0
TCGA-AR-A2LL-01A-11R-A180-07,0.8546354516009572,1
TCGA-A7-A26H-01A-11R-A169-07,0.8928254836731374,1
TCGA-C8-A26Z-01A-11R-A16F-07,0.7328024256470826,1
TCGA-AO-A0J9-01A-11R-A034-07,0.8718684862441547,1
TCGA-EW-A1PF-01A-11R-A144-07,0.8636906132333564,1
TCGA-A2-A25F-01A-11R-A169-07,0.43194290829796617,1
TCGA-D8-A73W-01A-22R-A352-07,0.8990748944657021,1
TCGA-AR-A2LJ-01A-12R-A19W-07,0.7695057295953232,0
TCGA-A8-A07C-01A-11R-A034-07,0.22079785504948105,1
TCGA-E9-A245-01A-22R-A16F-07,0.6961517538693384,0
TCGA-B6-A408-01A-12R-A24H-07,0.7379979644490409,0
TCGA-AR-A255-01A-11R-A169-07,0.9111842765638205,0
TCGA-E2-A1L6-01A-11R-A13Q-07,0.8694488117280271,0
TCGA-E9-A295-01A-11R-A16F-07,0.8648908417035148,1
TCGA-BH-A1FE-01A-11R-A13Q-07,0.8435664524370027,0
TCGA-BH-A1FM-01A-11R-A13Q-07,0.3882200047407334,0
TCGA-OL-A5RU-01A-11R-A28M-07,0.8432477491028584,1
TCGA-C8-A1HO-01A-11R-A13Q-07,0.5910068230936463,0
TCGA-GM-A2DO-01A-11R-A18M-07,0.6109639893751653,0
TCGA-AN-A0FZ-01A-11R-A034-07,0.6414393503745753,1
TCGA-D8-A1JN-01A-11R-A13Q-07,0.622264797534746,1
TCGA-OL-A6VO-01A-12R-A33J-07,0.3408132130249672,0
TCGA-AN-A0FV-01A-11R-A00Z-07,0.6054926737614258,1
TCGA-D8-A1J9-01A-11R-A13Q-07,0.7912736396130059,1
TCGA-B6-A0IB-01A-11R-A034-07,0.6005096059091876,1
TCGA-A8-A06R-01A-11R-A00Z-07,0.7158849097906372,0
TCGA-AR-A24H-01A-11R-A169-07,0.5736837016768191,1
TCGA-E2-A109-01A-11R-A10J-07,0.6743245643895882,1
TCGA-AR-A5QN-01A-12R-A28M-07,0.9320571608646518,1
TCGA-A2-A0EX-01A-21R-A034-07,0.8840639137789753,1
TCGA-C8-A12N-01A-11R-A115-07,0.9059307362363549,1
TCGA-A2-A259-01A-11R-A16F-07,0.7989841840263969,1
TCGA-AO-A12A-01A-21R-A115-07,0.9053769658589437,0
TCGA-A7-A3RF-01A-11R-A22K-07,0.48031246947223377,1
TCGA-AN-A0FS-01A-11R-A034-07,0.8520501766559587,1
TCGA-C8-A26W-01A-11R-A16F-07,0.8454435253328156,1
TCGA-E9-A1RC-01A-11R-A157-07,0.803627537850095,1
TCGA-E2-A1B0-01A-11R-A12P-07,0.576478096990239,1
TCGA-AO-A126-01A-11R-A10J-07,0.8063563469032037,1
TCGA-AC-A4ZE-01A-11R-A41B-07,0.6166090876433321,0
TCGA-E9-A229-01A-31R-A157-07,0.8899419027758433,1
TCGA-EW-A1P1-01A-31R-A14D-07,0.7346125571513974,0
TCGA-BH-AB28-01A-31R-A41B-07,0.9007596253303499,1
TCGA-A8-A08P-01A-11R-A00Z-07,0.8538647472173263,0
TCGA-EW-A1IX-01A-12R-A144-07,0.8350572371768441,0
TCGA-LL-A73Z-01A-11R-A32P-07,0.8662365865147841,0
TCGA-E9-A1R7-01A-11R-A14M-07,0.5046304054287554,1
TCGA-BH-A1F2-01A-31R-A13Q-07,0.5628809604197547,0
TCGA-A8-A0A6-01A-12R-A056-07,0.8969453916932058,1
TCGA-A1-A0SE-01A-11R-A084-07,0.8768757473527983,1
TCGA-E9-A1NG-01A-21R-A14M-07,0.8728166315769803,1
TCGA-B6-A1KF-01A-11R-A13Q-07,0.3118124302575061,1
TCGA-BH-A0EE-01A-11R-A034-07,0.24715989018789342,1
TCGA-BH-A0BD-01A-11R-A034-07,0.8247066617693745,1
TCGA-OL-A5RY-01A-21R-A28M-07,0.7681791576328224,1
TCGA-E9-A1RD-01A-11R-A157-07,0.7980759918958701,1
TCGA-AR-A24K-01A-11R-A169-07,0.6329495491955938,1
TCGA-BH-A0BP-01A-11R-A115-07,0.8890023174853913,1
TCGA-C8-A130-01A-31R-A115-07,0.8170239448717255,1
TCGA-B6-A0RG-01A-11R-A056-07,0.7944865469687402,1
TCGA-E9-A1NA-01A-11R-A144-07,0.7693273697677184,1
TCGA-A8-A0A2-01A-11R-A034-07,0.8619233879646324,0
TCGA-E2-A14V-01A-11R-A12D-07,0.7656450412139512,0
TCGA-E2-A1LL-01A-11R-A144-07,0.2664123969436468,1
TCGA-AR-A24M-01A-11R-A169-07,0.8101097711358661,1
TCGA-A8-A0AB-01A-11R-A034-07,0.7426469035350062,1
TCGA-C8-A1HL-01A-11R-A137-07,0.6868658019944662,1
TCGA-OL-A66P-01A-11R-A31O-07,0.3244012717032253,0
TCGA-OL-A66K-01A-11R-A29R-07,0.8241842392429624,1
TCGA-BH-A0HF-01A-11R-A056-07,0.8641529281930695,1
TCGA-AN-A03X-01A-21R-A00Z-07,0.8360616692468799,1
TCGA-A2-A1FV-01A-11R-A13Q-07,0.4974040107020773,1
TCGA-E9-A3HO-01A-11R-A213-07,0.5262576548927446,1
TCGA-A2-A0YE-01A-11R-A109-07,0.353669546234879,1
TCGA-A1-A0SP-01A-11R-A084-07,0.407722290691208,1
TCGA-AO-A0J7-01A-11R-A034-07,0.6552001256681453,1
TCGA-C8-A3M7-01A-12R-A21T-07,0.8664451902790915,1
TCGA-A2-A0YG-01A-21R-A109-07,0.6445441078551323,1
TCGA-E2-A14Y-01A-21R-A12D-07,0.2756113238512146,1
TCGA-EW-A424-01A-11R-A24H-07,0.8564701193078238,1
TCGA-D8-A141-01A-11R-A115-07,0.9111373790662537,1
TCGA-C8-A1HJ-01A-11R-A13Q-07,0.19982406478391818,1
TCGA-C8-A12O-01A-11R-A115-07,0.8759736780555875,0
TCGA-LL-A442-01A-11R-A24H-07,0.5217116606098325,1
TCGA-C8-A12Z-01A-11R-A115-07,0.7176313792391279,1
TCGA-EW-A1OX-01A-11R-A144-07,0.3658790353929798,0
TCGA-E9-A1RG-01A-11R-A14D-07,0.4567125622817612,1
TCGA-AQ-A1H2-01A-11R-A13Q-07,0.6549100392848402,0
TCGA-AR-A24Q-01A-12R-A169-07,0.5410578517848085,1
TCGA-A8-A09K-01A-11R-A00Z-07,0.5454081172404289,1
TCGA-BH-A0W7-01A-11R-A115-07,0.9084746124812636,1
TCGA-BH-A0H0-01A-11R-A056-07,0.44012346585157236,0
TCGA-AO-A0JD-01A-11R-A056-07,0.5905529243444597,1
TCGA-A2-A4RW-01A-21R-A266-07,0.8720024620758823,1
TCGA-C8-A12U-01A-11R-A115-07,0.36716574483377346,1
TCGA-C8-A12V-01A-11R-A115-07,0.5737860971997999,1
TCGA-E9-A1NC-01A-21R-A26B-07,0.5250038364018048,1
TCGA-AO-A12G-01A-11R-A10J-07,0.8320416562291104,0
TCGA-S3-AA11-01A-31R-A41B-07,0.8540739906925499,1
TCGA-BH-A0HQ-01A-11R-A034-07,0.89453747170238,1
TCGA-AO-A03L-01A-41R-A056-07,0.8431790285922776,1
TCGA-C8-A1HM-01A-12R-A137-07,0.6289132662396131,1
TCGA-D8-A146-01A-31R-A115-07,0.8813616652745505,0
TCGA-A2-A0EV-01A-11R-A034-07,0.9077479112441752,1
TCGA-E2-A154-01A-11R-A115-07,0.9029016879574534,1
TCGA-E2-A1LE-01A-12R-A19W-07,0.7097067748779938,1
TCGA-E9-A1R5-01A-11R-A14M-07,0.8623868030426225,1
TCGA-AC-A3EH-01A-22R-A22K-07,0.8530568950352987,1
TCGA-C8-A12Y-01A-11R-A12D-07,0.8575960302328632,1
TCGA-BH-A0E2-01A-11R-A056-07,0.8498696896516021,0
TCGA-D8-A1XG-01A-11R-A14D-07,0.8177944312673173,1
TCGA-OL-A5DA-01A-11R-A27Q-07,0.7720810306807542,1
TCGA-AC-A3HN-01A-11R-A213-07,0.8992989589039139,1
TCGA-B6-A0RP-01A-21R-A084-07,0.8547982362534429,1
TCGA-3C-AALI-01A-11R-A41B-07,0.5552358516709092,1
TCGA-D8-A1Y2-01A-11R-A157-07,0.8539118807628318,0
TCGA-S3-AA15-01A-11R-A41B-07,0.5483092210075444,1
TCGA-BH-A0W5-01A-11R-A109-07,0.8848346111105652,1
TCGA-A8-A097-01A-11R-A034-07,0.7657359094721641,1
TCGA-AO-A12D-01A-11R-A115-07,0.7332054913996291,1
TCGA-AN-A04A-01A-21R-A034-07,0.8343798867265,1
TCGA-E2-A1B4-01A-11R-A12P-07,0.708221653759604,1
TCGA-A8-A09R-01A-11R-A00Z-07,0.7954325080393994,1
TCGA-XX-A89A-01A-11R-A36F-07,0.8574052461788416,1
TCGA-AR-A24O-01A-11R-A169-07,0.8233383377802533,1
TCGA-E2-A1LG-01A-21R-A14M-07,0.30125228134644466,1
TCGA-AC-A8OS-01A-12R-A41B-07,0.8146635721769574,1
TCGA-HN-A2NL-01A-11R-A18M-07,0.20899563210616723,0
TCGA-E9-A1N6-01A-11R-A144-07,0.866962173654408,0
TCGA-E2-A10C-01A-21R-A10J-07,0.6742071521503891,1
TCGA-BH-A0AU-01A-11R-A12P-07,0.8129953440841564,0
TCGA-A2-A0EW-01A-21R-A115-07,0.8230309729019898,1
TCGA-A8-A07B-01A-11R-A00Z-07,0.7398034095047061,1
TCGA-E2-A15K-01A-11R-A12P-07,0.7984899311779617,1
TCGA-EW-A6S9-01A-22R-A33J-07,0.8450235523425291,0
TCGA-AC-A3W5-01A-11R-A22K-07,0.7990243933410212,1
TCGA-BH-A0AV-01A-31R-A115-07,0.4877771767383889,1
TCGA-A2-A0T7-01A-21R-A084-07,0.8962861110898389,0
TCGA-AO-A03V-01A-11R-A115-07,0.8063258860024695,1
TCGA-BH-A0DZ-01A-11R-A00Z-07,0.7359300588530052,1
TCGA-AN-A041-01A-11R-A034-07,0.8189233757805481,0
TCGA-B6-A0I5-01A-11R-A034-07,0.7907214338127402,1
TCGA-BH-A0BM-01A-11R-A056-07,0.7202561622077496,1
TCGA-BH-A0GZ-01A-11R-A056-07,0.8911508633212329,1
TCGA-LL-A5YN-01A-11R-A28M-07,0.6161380075515742,1
TCGA-B6-A0RM-01A-11R-A084-07,0.8209966787557449,0
TCGA-A2-A4S3-01A-21R-A266-07,0.7176778179018004,1
TCGA-BH-A201-01A-11R-A14M-07,0.8687819615014679,1
TCGA-A2-A0SV-01A-11R-A084-07,0.7809434695904248,0
TCGA-A8-A07L-01A-11R-A00Z-07,0.6998284944265112,1
TCGA-AR-A2LN-01A-21R-A18M-07,0.6903075540761049,0
TCGA-C8-A278-01A-11R-A169-07,0.6914310028923527,1
TCGA-A2-A0CM-01A-31R-A034-07,0.3776908802939634,1
TCGA-C8-A1HE-01A-11R-A13Q-07,0.8971068978503633,1
TCGA-LL-A7T0-01A-31R-A352-07,0.6578378391363978,0
TCGA-B6-A0WT-01A-11R-A109-07,0.8780326808100418,1
TCGA-OL-A5D6-01A-21R-A27Q-07,0.7230746965456731,1
TCGA-E2-A14S-01A-11R-A12D-07,0.7541921370377433,0
TCGA-AQ-A1H3-01A-31R-A13Q-07,0.92816604184643,1
TCGA-BH-A1F8-01A-11R-A13Q-07,0.48066107161464705,1
TCGA-A8-A0AD-01A-11R-A056-07,0.713756378414696,1
TCGA-GM-A2DA-01A-11R-A18M-07,0.78008431946063,1
TCGA-A2-A0T5-01A-21R-A084-07,0.8858784037870432,1
TCGA-A8-A09M-01A-11R-A00Z-07,0.7246142081166248,1
TCGA-B6-A0X1-01A-11R-A109-07,0.3552471812401706,0
TCGA-AN-A0XU-01A-11R-A109-07,0.5059185166490976,1
TCGA-BH-A1EV-01A-11R-A137-07,0.7466605173090505,1
TCGA-EW-A1OZ-01A-11R-A144-07,0.6823975985603924,1
TCGA-C8-A12X-01A-11R-A115-07,0.7236788803172595,1
TCGA-JL-A3YX-01A-11R-A22U-07,0.8532341376901654,1
TCGA-OL-A5D7-01A-11R-A27Q-07,0.17229378251851318,1
TCGA-E2-A1IK-01A-11R-A144-07,0.738272306691054,0
TCGA-A2-A0CW-01A-21R-A115-07,0.5004356640500742,0
TCGA-A2-A0ET-01A-31R-A034-07,0.3744798203526795,1
TCGA-B6-A400-01A-11R-A239-07,0.4183428257606711,1
