sample_id,score,y_member
TCGA-E2-A158-01A-11R-A12D-07,0.1857448455779887,1
TCGA-AO-A1KO-01A-31R-A13Q-07,0.3109654368173761,1
TCGA-AR-A0TX-01A-11R-A084-07,0.7793841818900146,0
TCGA-D8-A1XB-01A-11R-A14D-07,0.902457194350605,1
TCGA-B6-A0IG-01A-11R-A034-07,0.8295169441938443,1
TCGA-AC-A5EH-01A-11R-A28M-07,0.901717050296859,1
TCGA-LL-A7SZ-01A-32R-A352-07,0.3963448171805366,1
TCGA-A7-A26J-01A-11R-A169-07,0.7405062247370143,1
TCGA-E9-A22H-01A-11R-A157-07,0.5834623484157104,1
TCGA-BH-A208-01A-11R-A157-07,0.7454146139555908,1
TCGA-BH-A6R9-01A-21R-A32P-07,0.5655139431253446,1
TCGA-OL-A5S0-01A-11R-A28M-07,0.4886185905437771,1
TCGA-A1-A0SD-01A-11R-A115-07,0.9326060629828685,1
TCGA-AO-A0JB-01A-11R-A32Y-07,0.5663068900695651,1
TCGA-E2-A1BD-01A-11R-A12P-07,0.9018567897086512,1
TCGA-AN-A0AS-01A-11R-A00Z-07,0.8141605168328334,1
TCGA-A7-A13G-01A-11R-A13Q-07,0.15639336400135148,1
TCGA-B6-A0RS-01A-11R-A084-07,0.31374740673312485,1
TCGA-A2-A4S0-01A-21R-A266-07,0.6881656621501794,0
TCGA-BH-A1F5-01A-12R-A13Q-07,0.5659468709068992,1
TCGA-A2-A0CX-01A-21R-A00Z-07,0.8751887313622769,1
TCGA-A7-A13D-01A-13R-A12P-07,0.4903445043183338,0
TCGA-AN-A03Y-01A-21R-A00Z-07,0.7424989168043656,1
TCGA-E9-A1ND-01A-11R-A144-07,0.4268981140240005,0
TCGA-EW-A1P5-01A-11R-A144-07,0.8507979049569935,1
TCGA-EW-A423-01A-11R-A24H-07,0.6808708247419059,1
TCGA-A7-A5ZV-01A-11R-A28M-07,0.37604955988595823,1
TCGA-C8-A8HP-01A-11R-A36F-07,0.5959270292288643,1
TCGA-AQ-A54O-01A-11R-A266-07,0.5096749800377209,1
TCGA-E9-A5FK-01A-11R-A27Q-07,0.6373732422966688,1
TCGA-D8-A142-01A-11R-A115-07,0.618350651844141,1
TCGA-BH-A0BC-01A-22R-A084-07,0.7896282938455343,1
TCGA-A2-A0EY-01A-11R-A034-07,0.8935792560523984,1
TCGA-D8-A1J8-01A-11R-A13Q-07,0.6633511955114819,1
TCGA-A8-A06Y-01A-21R-A00Z-07,0.8159530663723927,0
TCGA-EW-A1J1-01A-11R-A13Q-07,0.6445865191549522,1
TCGA-BH-A0C0-01A-21R-A056-07,0.7614273022656415,0
TCGA-AC-A2FK-01A-12R-A180-07,0.7075635075590998,0
TCGA-A2-A3XV-01A-21R-A239-07,0.1536338023198349,0
TCGA-BH-A0HB-01A-11R-A056-07,0.7642019598908276,1
TCGA-AN-A0XL-01A-11R-A10J-07,0.8956611838046207,1
TCGA-E2-A10B-01A-11R-A10J-07,0.8403466729536778,1
TCGA-A2-A04X-01A-21R-A034-07,0.7260851677500522,1
TCGA-AR-A1AN-01A-11R-A12P-07,0.7013922529362561,1
TCGA-A2-A0EM-01A-11R-A034-07,0.6569007474134996,0
TCGA-B6-A0WS-01A-11R-A115-07,0.8230894599333982,1
TCGA-D8-A1XD-01A-11R-A14D-07,0.6681107626476275,1
TCGA-A8-A091-01A-11R-A00Z-07,0.6309291803950822,1
TCGA-E9-A2JS-01A-11R-A180-07,0.6647461223561068,0
TCGA-A2-A1G1-01A-21R-A13Q-07,0.5028089640428941,1
TCGA-E9-A22B-01A-11R-A157-07,0.8498524503527677,0
TCGA-D8-A27G-01A-11R-A16F-07,0.8915885393192174,1
TCGA-A7-A13E-01A-11R-A12P-07,0.3213746353798654,1
TCGA-BH-A0AY-01A-21R-A00Z-07,0.8566706004066498,0
TCGA-E2-A1L7-01A-11R-A144-07,0.6108086153179617,1
TCGA-AN-A046-01A-21R-A034-07,0.8173033116545175,0
TCGA-AN-A0AL-01A-11R-A00Z-07,0.5981234695426085,0
TCGA-D8-A27K-01A-11R-A16F-07,0.8437726653086506,1
TCGA-BH-A0DO-01B-11R-A12D-07,0.8391422444568631,0
TCGA-A7-A4SB-01A-21R-A266-07,0.6516017502090479,0
TCGA-EW-A6SB-01A-12R-A32P-07,0.20711114673867248,1
TCGA-D8-A1JM-01A-11R-A13Q-07,0.18806608895750432,1
TCGA-OL-A66J-01A-11R-A29R-07,0.7577840614132735,1
TCGA-D8-A13Y-01A-11R-A115-07,0.4185471562328322,1
TCGA-AR-A24N-01A-11R-A169-07,0.7630485702624018,1
TCGA-BH-A0B1-01A-12R-A056-07,0.7608529141106992,1
TCGA-B6-A0RN-01A-12R-A084-07,0.8348292640111238,1
TCGA-A2-A0T1-01A-21R-A084-07,0.7233180688794245,1
TCGA-AN-A0AM-01A-11R-A034-07,0.6591514142786611,1
TCGA-E2-A1LA-01A-11R-A144-07,0.8890898414449203,0
TCGA-JL-A3YW-01A-12R-A239-07,0.7820313500431364,0
TCGA-BH-A0H3-01A-11R-A12P-07,0.8484349971953673,1
TCGA-E2-A1IF-01A-11R-A144-07,0.8474115272018936,1
TCGA-C8-A26X-01A-31R-A16F-07,0.6994022056026978,1
TCGA-A8-A09B-01A-11R-A00Z-07,0.9163192752757382,0
TCGA-A7-A26G-01A-21R-A169-07,0.6356221089245624,1
TCGA-AC-A2FE-01A-11R-A19W-07,0.9245595078842778,1
TCGA-A8-A08G-01A-11R-A00Z-07,0.7923052956966934,0
TCGA-AN-A0FJ-01A-11R-A00Z-07,0.29867694582384474,1
TCGA-B6-A0RV-01A-11R-A084-07,0.8328086673875399,1
TCGA-B6-A0WV-01A-11R-A109-07,0.7271942201458304,1
TCGA-A8-A07P-01A-11R-A00Z-07,0.7482538060247095,1
TCGA-A8-A08H-01A-21R-A00Z-07,0.678254893243109,1
TCGA-AR-A0TW-01A-11R-A084-07,0.6246423926503482,1
TCGA-E2-A15F-01A-11R-A115-07,0.8379847703400882,1
TCGA-B6-A0WX-01A-11R-A109-07,0.7539667226692448,1
TCGA-D8-A1Y1-01A-21R-A14M-07,0.8286913368548763,1
TCGA-E2-A14Z-01A-11R-A115-07,0.8788740953317828,0
TCGA-A2-A25A-01A-12R-A16F-07,0.8440696068105635,0
TCGA-A2-A0CT-01A-31R-A056-07,0.7423193685130622,1
TCGA-HN-A2OB-01A-21R-A27Q-07,0.850803584775459,0
TCGA-B6-A0RT-01A-21R-A084-07,0.6040734309673056,1
TCGA-AR-A24T-01A-11R-A169-07,0.8936409171019173,1
TCGA-E9-A1R0-01A-22R-A16F-07,0.8158370733241422,1
TCGA-E9-A5FL-01A-11R-A27Q-07,0.2903005474164522,1
TCGA-E2-A3DX-01A-21R-A213-07,0.852371069231764,1
TCGA-E2-A14T-01A-11R-A115-07,0.5510021729282293,1
TCGA-A2-A4RY-01A-31R-A266-07,0.8310272608076195,1
TCGA-AR-A2LK-01A-11R-A180-07,0.8636512201831055,1
TCGA-BH-A42U-01A-12R-A24H-07,0.658841322564662,1
TCGA-AO-A12C-01A-11R-A10J-07,0.7583598682350382,0
TCGA-A2-A3XY-01A-11R-A239-07,0.6618636122726419,1
TCGA-D8-A73X-01A-11R-A32P-07,0.899934055580337,1
TCGA-AR-A2LO-01A-31R-A18M-07,0.8605870673211422,1
TCGA-AO-A0JJ-01A-11R-A056-07,0.7855729480741378,0
TCGA-LD-A74U-01A-13R-A33J-07,0.8907893746188804,1
TCGA-AN-A0XN-01A-21R-A109-07,0.89645151035084,1
TCGA-E2-A107-01A-11R-A10J-07,0.8268887167084353,1
TCGA-A7-A6VV-01A-22R-A33J-07,0.6330626323563372,1
TCGA-AC-A5XS-01A-11R-A29R-07,0.7178282121717163,1
TCGA-BH-A0H6-01A-21R-A056-07,0.8716447459533424,1
TCGA-AC-A23C-01A-12R-A169-07,0.8687396344092428,1
TCGA-E9-A1NH-01A-11R-A14D-07,0.8761603962242364,1
TCGA-D8-A1XW-01A-11R-A14M-07,0.4520176161487703,1
TCGA-AO-A0JG-01A-31R-A084-07,0.8215590510795725,0
TCGA-BH-A18N-01A-11R-A12D-07,0.6457022816822028,1
TCGA-A1-A0SO-01A-22R-A084-07,0.1379731328944667,0
TCGA-BH-A0B5-01A-11R-A12P-07,0.7260571324695486,0
TCGA-A8-A09T-01A-11R-A00Z-07,0.7684616890308327,1
TCGA-BH-A0BR-01A-21R-A115-07,0.7983543624718337,1
TCGA-D8-A27W-01A-11R-A16F-07,0.6775257316647654,1
TCGA-BH-A0BW-01A-11R-A115-07,0.5457562722138173,1
TCGA-GM-A2DB-01A-31R-A18M-07,0.5575937284070224,0
TCGA-AC-A2QH-01A-11R-A18M-07,0.1465150937481429,1
TCGA-D8-A1JB-01A-11R-A13Q-07,0.8541540985346848,1
TCGA-BH-A1ES-01A-11R-A137-07,0.6781571246248522,1
TCGA-OL-A97C-01A-32R-A41B-07,0.8099019371025044,1
TCGA-A2-A0YF-01A-21R-A109-07,0.8698236186299582,1
TCGA-D8-A1XS-01A-11R-A14M-07,0.864668561237239,1
TCGA-D8-A140-01A-11R-A115-07,0.8288549920910523,1
TCGA-A8-A09Q-01A-11R-A00Z-07,0.7856349587790811,1
TCGA-B6-A0I1-01A-11R-A21T-07,0.42574008777708894,1
TCGA-AO-A0JE-01A-11R-A056-07,0.818103520289569,1
TCGA-A2-A1FW-01A-11R-A13Q-07,0.4768572488250214,1
TCGA-D8-A1XY-01A-11R-A14M-07,0.8498864466237613,1
TCGA-A2-A04R-01A-41R-A109-07,0.629351778265954,0
TCGA-A2-A1FX-01A-11R-A13Q-07,0.7525048682859775,1
TCGA-A8-A07W-01A-11R-A00Z-07,0.732073799305672,1
TCGA-D8-A1XK-01A-21R-A14M-07,0.278728115675692,1
TCGA-D8-A3Z5-01A-41R-A24H-07,0.6799557565871032,1
TCGA-LL-A5YM-01A-11R-A28M-07,0.3055753944653638,1
TCGA-B6-A0IJ-01A-11R-A034-07,0.37226146996358117,0
TCGA-A8-A06N-01A-11R-A00Z-07,0.29858318030214304,1
TCGA-GM-A2DM-01A-11R-A180-07,0.6890777107095386,1
TCGA-E2-A15D-01A-11R-A115-07,0.8750524495227523,1
TCGA-B6-A1KI-01A-11R-A14M-07,0.8427809910912148,1
TCGA-D8-A1JS-01A-11R-A13Q-07,0.28017039331461435,1
TCGA-PE-A5DD-01A-12R-A27Q-07,0.8035443217916244,1
TCGA-BH-A0BG-01A-11R-A115-07,0.7219660219159428,1
TCGA-LL-A6FQ-01A-11R-A31O-07,0.23585684177263871,0
TCGA-E2-A1IN-01A-11R-A13Q-07,0.9281671520249076,1
TCGA-A8-A06T-01A-11R-A00Z-07,0.6930310045140681,1
TCGA-B6-A402-01A-11R-A239-07,0.43211187863834466,1
TCGA-E2-A9RU-01A-11R-A41B-07,0.6448214279183083,1
TCGA-A2-A3XW-01A-11R-A239-07,0.4691363479523144,1
TCGA-B6-A0RU-01A-11R-A084-07,0.6918542290388944,0
TCGA-A8-A086-01A-11R-A00Z-07,0.8953855501542721,1
TCGA-B6-A40C-01A-11R-A239-07,0.7011323959239654,1
TCGA-D8-A1JF-01A-11R-A13Q-07,0.6651984201793608,1
TCGA-A2-A0T6-01A-11R-A084-07,0.7577608653311054,1
TCGA-BH-A1FG-01A-11R-A13Q-07,0.8149663128225092,0
TCGA-GM-A3NY-01A-11R-A21T-07,0.6475480202262397,1
TCGA-AN-A0AK-01A-21R-A00Z-07,0.4825331189803172,1
TCGA-BH-A1FC-01A-11R-A13Q-07,0.39782704079344056,1
TCGA-E9-A227-01A-11R-A157-07,0.8414481936396271,1
TCGA-BH-A18P-01A-11R-A12D-07,0.8934189934280227,1
TCGA-E2-A15R-01A-11R-A115-07,0.3509585564517883,1
TCGA-BH-A0WA-01A-11R-A109-07,0.6538474194095107,0
TCGA-BH-A42T-01A-11R-A24H-07,0.7240712459026859,1
TCGA-AC-A23H-01A-11R-A157-07,0.6705672946725819,1
TCGA-OL-A66I-01A-21R-A29R-07,0.51242973951945,1
TCGA-S3-AA17-01A-11R-A41B-07,0.8811194886970184,1
TCGA-AR-A1AL-01A-21R-A12P-07,0.8218551208017394,0
TCGA-AC-A2B8-01A-11R-A17B-07,0.9333085119413904,1
TCGA-D8-A1XO-01A-11R-A14M-07,0.6369497826487225,1
TCGA-C8-A26Y-01A-11R-A16F-07,0.5777664337302928,1
TCGA-BH-A0DG-01A-21R-A12P-07,0.9366142492264921,1
TCGA-E9-A243-01A-21R-A169-07,0.493686714689721,1
TCGA-A2-A04W-01A-31R-A115-07,0.4439117184914485,1
TCGA-A8-A09G-01A-21R-A00Z-07,0.6447334948768032,1
TCGA-BH-A0DI-01A-21R-A12P-07,0.8815128951923703,1
TCGA-E2-A152-01A-11R-A12D-07,0.8756913961898837,1
TCGA-AQ-A7U7-01A-22R-A352-07,0.7729357060400095,1
TCGA-BH-A0BZ-01A-31R-A12P-07,0.5536927529381859,1
TCGA-EW-A1OV-01A-11R-A144-07,0.758878723070245,1
TCGA-A8-A0A7-01A-11R-A00Z-07,0.7776956180211352,1
TCGA-BH-A1EN-01A-11R-A13Q-07,0.34556903613482215,1
TCGA-E2-A1IE-01A-11R-A13Q-07,0.856102077329141,1
TCGA-BH-A0HW-01A-11R-A034-07,0.7337064402705283,1
TCGA-BH-A0BJ-01A-11R-A056-07,0.8667639066677688,1
TCGA-AO-A03N-01B-11R-A10J-07,0.7038404353238874,1
TCGA-EW-A1P3-01A-11R-A144-07,0.7699818550298342,1
TCGA-B6-A0I2-01A-11R-A034-07,0.37159747653860964,0
TCGA-EW-A1PD-01A-11R-A144-07,0.920886415307166,1
TCGA-B6-A0IH-01A-11R-A115-07,0.8598829063835957,0
TCGA-E2-A15M-01A-11R-A12D-07,0.8610380583752432,1
TCGA-BH-A0H9-01A-11R-A056-07,0.8882916394485816,0
TCGA-BH-A0HL-01A-11R-A10U-07,0.3208217283856262,0
TCGA-A8-A07G-01A-11R-A034-07,0.8578843510472611,1
TCGA-E2-A1IL-01A-11R-A14D-07,0.815148716793961,1
TCGA-AR-A0U4-01A-11R-A109-07,0.32848769596198707,1
TCGA-D8-A147-01A-11R-A115-07,0.44162434957425534,1
TCGA-BH-A0HY-01A-11R-A056-07,0.7391542528467172,1
TCGA-D8-A1XT-01A-11R-A14M-07,0.7550755607891346,0
TCGA-E2-A14W-01A-11R-A12D-07,0.5400378635815986,1
TCGA-E9-A1RB-01A-11R-A157-07,0.6281949219940957,1
TCGA-LL-A5YL-01A-12R-A29R-07,0.7418987153090362,0
TCGA-WT-AB41-01A-11R-A41B-07,0.33631419386906825,1
TCGA-A8-A09Z-01A-11R-A00Z-07,0.4471724074917729,0
TCGA-AN-A0FX-01A-11R-A034-07,0.6794914903261644,1
TCGA-B6-A409-01A-11R-A24H-07,0.5950383612068438,1
TCGA-EW-A1PG-01A-11R-A144-07,0.6421164082559857,1
TCGA-OL-A6VR-01A-32R-A33J-07,0.8241594735585078,1
TCGA-BH-A1FN-01A-11R-A13Q-07,0.6678018941003591,1
TCGA-AR-A2LR-01A-12R-A18M-07,0.47183490792856014,1
TCGA-A7-A5ZX-01A-12R-A29R-07,0.7994107908963353,1
TCGA-LL-A73Y-01A-11R-A33J-07,0.7306629407669333,1
TCGA-A2-A25D-01A-12R-A16F-07,0.7388841968270001,0
TCGA-BH-A0C7-01B-11R-A115-07,0.9036465588649053,1
TCGA-E2-A570-01A-11R-A29R-07,0.8960199575584912,1
TCGA-BH-A1FL-01A-11R-A13Q-07,0.8611777767852189,1
TCGA-A1-A0SG-01A-11R-A144-07,0.8300388084174671,1
TCGA-A8-A07U-01A-11R-A034-07,0.4682227457760931,0
TCGA-E2-A15L-01A-11R-A12D-07,0.7778176821546177,1
TCGA-E9-A1R4-01A-21R-A14D-07,0.8623856002392948,0
TCGA-AR-A0TS-01A-11R-A115-07,0.570457054606991,1
TCGA-E2-A10F-01A-11R-A10J-07,0.9364673012564215,1
TCGA-AO-A128-01A-11R-A10J-07,0.5557572573850471,1
TCGA-AR-A0U3-01A-11R-A109-07,0.5715015271737165,1
TCGA-BH-A0DL-01A-11R-A115-07,0.40805019951297616,1
TCGA-A7-A0D9-01A-31R-A056-07,0.6964000861326682,1
TCGA-AN-A0FD-01A-11R-A034-07,0.8001654942423821,1
TCGA-A2-A0YK-01A-22R-A109-07,0.7955897436936396,1
TCGA-BH-A1FH-01A-12R-A13Q-07,0.7753153831863634,1
TCGA-C8-A12T-01A-11R-A115-07,0.7939653113669216,1
TCGA-B6-A2IU-01A-32R-A18M-07,0.8358157645932169,1
TCGA-4H-AAAK-01A-12R-A41B-07,0.8886511074796852,1
TCGA-E2-A1IU-01A-11R-A14D-07,0.7072009072963127,0
TCGA-3C-AALK-01A-11R-A41B-07,0.9008563089046835,1
TCGA-D8-A27M-01A-11R-A16F-07,0.6239476429444317,1
TCGA-E2-A56Z-01A-12R-A29R-07,0.537079894375982,1
TCGA-AO-A1KQ-01A-11R-A13Q-07,0.8332198309310929,1
TCGA-AR-A2LE-01A-11R-A180-07,0.6024514664408158,1
TCGA-E2-A1BC-01A-11R-A12P-07,0.6588017722396172,1
TCGA-BH-A0E6-01A-11R-A034-07,0.43752324842907264,1
TCGA-AO-A0J2-01A-11R-A034-07,0.37500977527735996,1
TCGA-A7-A6VX-01A-12R-A33J-07,0.8362531954916597,0
TCGA-E2-A1LI-01A-12R-A157-07,0.5543386858405145,0
TCGA-AR-A1AT-01A-11R-A12P-07,0.7117145950465739,1
TCGA-A7-A426-01A-22R-A24H-07,0.7989564667498249,1
TCGA-A2-A25C-01A-11R-A169-07,0.7304168994946851,1
TCGA-B6-A0RL-01A-11R-A084-07,0.24763198784598572,1
TCGA-OK-A5Q2-01A-11R-A27Q-07,0.9270726484208999,1
TCGA-E9-A244-01A-11R-A169-07,0.4238871128978886,1
TCGA-E9-A1R6-01A-11R-A14D-07,0.8598937827248582,1
TCGA-BH-A8G0-01A-11R-A352-07,0.8556590625937683,1
TCGA-EW-A1IZ-01A-11R-A13Q-07,0.7098570058453988,0
TCGA-AO-A0J5-01A-11R-A034-07,0.7591899050871707,1
TCGA-E2-A1AZ-01A-11R-A12P-07,0.48307474333266315,1
TCGA-B6-A0RE-01A-11R-A056-07,0.5170547876731455,1
TCGA-A7-A4SE-01A-11R-A266-07,0.5737043775424079,0
TCGA-LL-A740-01A-21R-A32P-07,0.8420122379895089,1
TCGA-A8-A07R-01A-21R-A034-07,0.3116172184805726,0
TCGA-S3-AA10-01A-21R-A41B-07,0.39049213354511303,1
TCGA-A7-A4SF-01A-11R-A266-07,0.6189047794589972,0
TCGA-A7-A0CG-01A-12R-A056-07,0.7960966158833702,0
TCGA-E2-A1LS-01A-12R-A157-07,0.31729836206860823,1
TCGA-AR-A24P-01A-11R-A169-07,0.8818018914031835,0
TCGA-E9-A54Y-01A-11R-A466-07,0.08389775980910484,1
TCGA-AO-A0JA-01A-11R-A056-07,0.8286155297298091,1
TCGA-A8-A08A-01A-11R-A32Y-07,0.7523100219709744,1
TCGA-AR-A24V-01A-21R-A169-07,0.7933486056894133,1
TCGA-A2-A0CO-01A-13R-A22K-07,0.7949892546816152,1
TCGA-E2-A15I-01A-21R-A137-07,0.6489848053828273,0
TCGA-A2-A0SU-01A-11R-A084-07,0.8581345685823848,0
TCGA-AC-A3OD-01A-11R-A21T-07,0.3924605878827485,1
TCGA-AC-A3YJ-01A-11R-A22U-07,0.4097759550418062,0
TCGA-AR-A0TZ-01A-12R-A084-07,0.8118319796602618,1
TCGA-A2-A0D3-01A-11R-A115-07,0.691509383069143,1
TCGA-BH-A18L-01A-32R-A12D-07,0.6383131209546163,1
TCGA-EW-A2FW-01A-11R-A17B-07,0.7025066397406122,1
TCGA-A2-A0YL-01A-21R-A109-07,0.8221488500904872,1
TCGA-E9-A54X-01A-11R-A266-07,0.5997973839408338,1
TCGA-BH-A18F-01A-11R-A12D-07,0.8775796229872468,1
TCGA-W8-A86G-01A-21R-A36F-07,0.8215962597312214,1
TCGA-A8-A08T-01A-21R-A00Z-07,0.7995540235696108,1
TCGA-BH-A1EX-01A-11R-A13Q-07,0.8398522990888927,0
TCGA-A8-A08O-01A-21R-A056-07,0.7951562401182737,0
TCGA-AC-A6IX-01A-12R-A32P-07,0.9375272683207098,1
TCGA-C8-A27B-01A-11R-A169-07,0.3638013124444038,1
TCGA-PL-A8LZ-01A-31R-A36F-07,0.6105254863099614,1
TCGA-AR-A1AQ-01A-11R-A12P-07,0.47789176028715563,1
TCGA-BH-A1FU-01A-11R-A14D-07,0.8616745443597079,1
TCGA-A2-A0SY-01A-31R-A084-07,0.9022615241843743,1
TCGA-BH-A1EW-01A-11R-A137-07,0.8567635173435333,1
TCGA-GM-A3NW-01A-21R-A22K-07,0.7961577553872685,0
TCGA-BH-A0W4-01A-11R-A109-07,0.9195762454526366,1
TCGA-AR-A1AS-01A-11R-A12P-07,0.8112567538874714,0
TCGA-EW-A1J6-01A-11R-A13Q-07,0.48575862167145284,1
TCGA-AC-A6NO-01A-12R-A33J-07,0.6805048215899809,1
TCGA-A7-A0CE-01A-11R-A00Z-07,0.3598489555686555,0
TCGA-BH-A6R8-01A-21R-A33J-07,0.4617211934955611,1
TCGA-EW-A1OY-01A-11R-A144-07,0.8714211224301259,1
TCGA-BH-A0BS-01A-11R-A12P-07,0.7035486688717306,0
TCGA-A7-A6VY-01A-12R-A33J-07,0.48392259390462355,1
TCGA-A2-A0CK-01A-11R-A22K-07,0.8166748966822112,0
TCGA-AO-A12H-01A-11R-A115-07,0.8371340366756342,0
TCGA-C8-A12L-01A-11R-A115-07,0.5708067551857637,1
TCGA-A1-A0SQ-01A-21R-A144-07,0.5699698553411119,1
TCGA-A7-A56D-01A-11R-A27Q-07,0.1346168663563569,1
TCGA-A8-A09I-01A-22R-A034-07,0.8752193708376167,1
TCGA-BH-A0DH-01A-11R-A084-07,0.6200069782870391,1
TCGA-B6-A0X0-01A-21R-A115-07,0.8501483934857887,1
TCGA-S3-AA12-01A-11R-A41B-07,0.6072636557971401,1
TCGA-E2-A159-01A-11R-A115-07,0.6258177767048787,1
TCGA-D8-A27V-01A-12R-A17B-07,0.8121728779360811,1
TCGA-D8-A1JT-01A-31R-A13Q-07,0.26813392433657474,1
TCGA-C8-A138-01A-11R-A115-07,0.7682512944434475,1
TCGA-AO-A0J6-01A-11R-A034-07,0.47025788035126437,1
TCGA-AR-A24R-01A-11R-A169-07,0.7433819039231331,1
TCGA-AR-A0TY-01A-12R-A115-07,0.8156792818357375,1
TCGA-E9-A1QZ-01A-21R-A169-07,0.75732434681813,1
TCGA-AR-A24W-01A-11R-A169-07,0.6638324633008251,0
TCGA-LL-A5YP-01A-21R-A28M-07,0.6253485116468667,1
TCGA-B6-A0WY-01A-11R-A109-07,0.8975930178755718,1
TCGA-GM-A2DC-01A-11R-A18M-07,0.4598778255722986,1
TCGA-A2-A4S2-01A-12R-A266-07,0.8359119669393363,1
TCGA-A8-A09X-01A-11R-A00Z-07,0.5668936448694633,1
TCGA-OL-A5RV-01A-12R-A28M-07,0.8706573410742,1
TCGA-E2-A14P-01A-31R-A12D-07,0.47983113266944766,1
TCGA-C8-A8HQ-01A-11R-A36F-07,0.8712374104164133,1
TCGA-AR-A0TP-01A-11R-A084-07,0.6080982782533205,1
TCGA-A8-A09A-01A-11R-A00Z-07,0.8200241889577837,1
TCGA-A8-A08L-01A-11R-A00Z-07,0.6382671873445426,1
TCGA-A8-A08F-01A-11R-A00Z-07,0.5946116911624706,1
TCGA-GI-A2C9-01A-11R-A21T-07,0.6748367464625384,1
TCGA-A2-A0SW-01A-11R-A084-07,0.6746378003275278,1
TCGA-LD-A7W5-01A-22R-A352-07,0.6589825126061257,0
TCGA-D8-A27R-01A-11R-A16F-07,0.8412122557945567,1
TCGA-AO-A0JM-01A-21R-A056-07,0.86235818016927,1
TCGA-GM-A2D9-01A-11R-A18M-07,0.8136039961701922,1
TCGA-D8-A1XU-01A-11R-A14M-07,0.8372723104556556,1
TCGA-AO-A1KT-01A-11R-A13Q-07,0.8112134487516575,1
TCGA-C8-A12P-01A-11R-A115-07,0.49859452490184514,1
TCGA-LL-A6FR-01A-12R-A31O-07,0.34456037009177376,0
TCGA-AR-A1AJ-01A-21R-A12P-07,0.5138349278995735,1
TCGA-A8-A09D-01A-11R-A00Z-07,0.8028815738755151,1
TCGA-S3-A6ZF-01A-32R-A32P-07,0.777814378853037,0
TCGA-E2-A150-01A-11R-A12D-07,0.4617971319941615,1
TCGA-BH-A18U-01A-21R-A12D-07,0.779002766712004,1
TCGA-BH-A0GY-01A-11R-A056-07,0.845773729576497,1
TCGA-AQ-A54N-01A-11R-A266-07,0.15376507016847984,1
TCGA-C8-A273-01A-11R-A16F-07,0.6616503632485636,1
TCGA-S3-AA14-01A-11R-A41B-07,0.8673282422009145,1
TCGA-A7-A2KD-01A-31R-A21T-07,0.7726657294255432,1
TCGA-C8-A131-01A-11R-A115-07,0.4875632289228537,1
TCGA-E2-A576-01A-11R-A31O-07,0.4399336073012653,1
TCGA-A2-A0T4-01A-31R-A084-07,0.9399312749504869,1
TCGA-A2-A04V-01A-21R-A034-07,0.8290014046080314,0
TCGA-AR-A0U0-01A-11R-A109-07,0.4096200304162018,1
TCGA-BH-A0BO-01A-23R-A12D-07,0.6108064733585359,1
TCGA-A2-A3KC-01A-11R-A213-07,0.9032967783510741,0
TCGA-BH-A18T-01A-11R-A12D-07,0.2824376419032896,0
TCGA-EW-A1J2-01A-21R-A13Q-07,0.8593414661629735,1
TCGA-A8-A084-01A-21R-A00Z-07,0.6723590951451028,1
TCGA-A8-A08X-01A-21R-A00Z-07,0.7195514261805137,1
TCGA-GM-A2DH-01A-11R-A180-07,0.7351517703140992,1
TCGA-D8-A27L-01A-11R-A16F-07,0.9212281439597941,1
TCGA-A7-A3IZ-01A-11R-A213-07,0.7778337982683785,1
TCGA-AN-A04D-01A-21R-A034-07,0.46888256769891995,1
TCGA-5L-AAT0-01A-12R-A41B-07,0.8691346191335285,1
TCGA-AR-A1AU-01A-11R-A12P-07,0.872623093638414,1
TCGA-AC-A6IV-01A-12R-A33J-07,0.9021178831244999,1
TCGA-E2-A15C-01A-31R-A12D-07,0.7959893826505137,1
TCGA-AO-A1KP-01A-11R-A13Q-07,0.6790976844138616,1
TCGA-E2-A15G-01A-11R-A12D-07,0.8410637513851735,1
TCGA-A2-A3KD-01A-12R-A213-07,0.8564870456572031,0
TCGA-D8-A1X5-01A-11R-A14D-07,0.8712840848424207,1
TCGA-AQ-A04L-01B-21R-A10J-07,0.51879002943947,1
TCGA-A8-A096-01A-11R-A00Z-07,0.8142320379387952,1
TCGA-A2-A0YH-01A-11R-A109-07,0.8100779147307318,1
TCGA-AN-A0FW-01A-11R-A034-07,0.6148692598393222,1
TCGA-D8-A27H-01A-11R-A16F-07,0.49803492767309504,0
TCGA-OL-A6VQ-01A-12R-A41B-07,0.7530241263303747,1
TCGA-A7-A4SA-01A-11R-A266-07,0.6996679699076384,0
TCGA-C8-A274-01A-11R-A16F-07,0.8833497502125405,1
TCGA-E2-A15J-01A-11R-A12P-07,0.7510058141630681,1
TCGA-BH-A0B3-01A-11R-A056-07,0.5048576127075435,1
TCGA-E2-A153-01A-12R-A12D-07,0.9225581980484046,1
TCGA-WT-AB44-01A-11R-A41B-07,0.4982151595293395,1
TCGA-B6-A0RQ-01A-11R-A115-07,0.8015071236073653,1
TCGA-A2-A0YM-01A-11R-A109-07,0.3094278175293537,1
TCGA-C8-A1HI-01A-11R-A137-07,0.8765917249255063,1
TCGA-AC-A3TM-01A-11R-A22K-07,0.5248465959494376,1
TCGA-A7-A0CD-01A-11R-A00Z-07,0.5766007423106042,0
TCGA-D8-A145-01A-11R-A115-07,0.9090423494836966,1
TCGA-BH-A0EB-01A-11R-A034-07,0.7774990635491048,1
TCGA-AR-A0TV-01A-21R-A084-07,0.382472259786573,1
TCGA-E2-A15P-01A-11R-A115-07,0.8720230026672621,1
TCGA-A2-A04T-01A-21R-A034-07,0.3960161814579809,1
TCGA-E9-A2JT-01A-22R-A18M-07,0.4921149847198734,1
TCGA-OL-A5RW-01A-11R-A28M-07,0.36967043211889944,0
TCGA-PL-A8LV-01A-21R-A41B-07,0.39695752260098527,1
TCGA-BH-A18M-01A-11R-A12D-07,0.9424792556267052,1
TCGA-D8-A27N-01A-11R-A16F-07,0.8124536018922917,1
TCGA-C8-A3M8-01A-11R-A213-07,0.9157810346525467,1
TCGA-B6-A0WW-01A-11R-A109-07,0.8515945473888669,1
TCGA-E9-A3X8-01A-31R-A22U-07,0.4132802468647346,1
TCGA-C8-A133-01A-32R-A12D-07,0.48814963045677634,0
TCGA-D8-A1X6-01A-11R-A14M-07,0.5077574204356086,1
TCGA-A2-A04P-01A-31R-A034-07,0.4191837942082812,1
TCGA-E9-A1N3-01A-12R-A157-07,0.4735026988324174,1
TCGA-AN-A0XP-01A-11R-A109-07,0.7621173853625927,1
TCGA-E2-A1LK-01A-21R-A14D-07,0.2616189802226549,0
TCGA-C8-A132-01A-31R-A115-07,0.9093802242744743,1
TCGA-PE-A5DE-01A-11R-A27Q-07,0.5921874421151956,1
TCGA-EW-A6SC-01A-12R-A32P-07,0.876327868323784,1
TCGA-BH-A0EI-01A-11R-A115-07,0.8462018094789885,1
TCGA-A8-A08I-01A-11R-A00Z-07,0.4762450868514388,0
TCGA-AO-A124-01A-11R-A10J-07,0.35200946506112396,0
TCGA-AN-A0XR-01A-11R-A109-07,0.5354425900137313,1
TCGA-BH-A204-01A-11R-A157-07,0.3490540154141368,0
TCGA-AN-A0FF-01A-11R-A034-07,0.909196743663224,1
TCGA-A2-A0T3-01A-21R-A115-07,0.7528824147463592,1
TCGA-B6-A0RI-01A-11R-A056-07,0.8894337962871647,1
TCGA-AO-A03R-01A-21R-A034-07,0.5372525833621226,1
TCGA-E9-A1RA-01A-11R-A14D-07,0.8444372819167009,1
TCGA-AN-A0XV-01A-11R-A109-07,0.953779718175407,1
TCGA-E9-A1RI-01A-11R-A169-07,0.8499611663350718,1
TCGA-A8-A07J-01A-11R-A00Z-07,0.6803908903823556,0
TCGA-AC-A6IW-01A-12R-A33J-07,0.3167812297731142,1
TCGA-3C-AALJ-01A-31R-A41B-07,0.6400974843147946,1
TCGA-AN-A0XS-01A-22R-A109-07,0.7959698461241832,1
TCGA-E9-A226-01A-21R-A157-07,0.7024791595203137,1
TCGA-C8-A12K-01A-21R-A115-07,0.49670524461711585,0
TCGA-BH-A202-01A-11R-A14M-07,0.6750968636786344,0
TCGA-OL-A66H-01A-11R-A29R-07,0.6969235140474977,1
TCGA-E9-A1N9-01A-11R-A14D-07,0.6513036594035326,0
TCGA-A2-A0T2-01A-11R-A084-07,0.3427061601264001,1
TCGA-BH-A18H-01A-11R-A12D-07,0.6514872972387257,1
TCGA-UU-A93S-01A-21R-A41B-07,0.15559945565950742,1
TCGA-B6-A0RO-01A-22R-A084-07,0.7372308828391348,1
TCGA-E2-A10E-01A-21R-A10J-07,0.8947189682228274,1
TCGA-A7-A4SC-01A-12R-A266-07,0.8305468723949357,1
TCGA-B6-A0WZ-01A-11R-A109-07,0.7726550643517892,1
TCGA-A7-A6VW-01A-21R-A33J-07,0.3803690983846279,1
TCGA-E2-A1B5-01A-21R-A12P-07,0.799795613761238,1
TCGA-A8-A092-01A-11R-A00Z-07,0.8151662849729945,1
TCGA-C8-A1HK-01A-21R-A13Q-07,0.6450943654591634,1
TCGA-BH-A0W3-01A-11R-A109-07,0.679371628715581,1
TCGA-A7-A0CH-01A-21R-A00Z-07,0.8192702394246403,1
TCGA-AR-A1AX-01A-11R-A12P-07,0.7947770170441331,1
TCGA-EW-A1P0-01A-11R-A144-07,0.7033960108457153,1
TCGA-E9-A1NI-01A-11R-A14D-07,0.8849005515581694,1
TCGA-AO-A12E-01A-11R-A10J-07,0.7882761166649582,1
TCGA-D8-A1XJ-01A-11R-A14M-07,0.7995663224990828,1
TCGA-B6-A0I6-01A-11R-A034-07,0.7001883808958553,1
TCGA-E9-A1RH-01A-21R-A169-07,0.3640113388819435,1
TCGA-BH-A18Q-01A-12R-A12D-07,0.5738534812176956,1
TCGA-AO-A0JI-01A-21R-A056-07,0.6925705374433963,1
TCGA-A2-A0CL-01A-11R-A115-07,0.6954536308886894,1
TCGA-E2-A155-01A-11R-A12D-07,0.503286629063016,1
TCGA-B6-A0I8-01A-11R-A034-07,0.7822873366539768,0
TCGA-E2-A14X-01A-11R-A115-07,0.7648038105788072,0
TCGA-AC-A3YI-01A-21R-A239-07,0.7714297962861373,1
TCGA-AR-A1AI-01A-11R-A12P-07,0.1856342646976349,1
TCGA-D8-A1JK-01A-11R-A13Q-07,0.7094816841527557,1
TCGA-BH-A0C3-01A-21R-A12P-07,0.8688886621695165,1
TCGA-A8-A09C-01A-11R-A00Z-07,0.8668377740329372,1
TCGA-LL-A50Y-01A-11R-A266-07,0.6020539365763325,1
TCGA-BH-A0B0-01A-21R-A115-07,0.9083827558139892,0
TCGA-OL-A66L-01A-12R-A31O-07,0.38840997371487374,1
TCGA-BH-A0AW-01A-11R-A056-07,0.7458299665639879,1
TCGA-D8-A1X8-01A-11R-A14M-07,0.7940293891316494,1
TCGA-D8-A1JE-01A-11R-A13Q-07,0.642983014571634,1
TCGA-BH-A1EO-01A-11R-A137-07,0.8076220341759555,1
TCGA-BH-A0HU-01A-11R-A034-07,0.7796122343362589,1
TCGA-BH-A0H7-01A-13R-A056-07,0.850594490878732,1
TCGA-E9-A22D-01A-11R-A157-07,0.6529000427835108,1
TCGA-3C-AAAU-01A-11R-A41B-07,0.4287101313966949,1
TCGA-BH-A1FJ-01A-11R-A13Q-07,0.8310342767535003,1
TCGA-A8-A06P-01A-11R-A00Z-07,0.9344682281607388,1
TCGA-A2-A25B-01A-11R-A169-07,0.8013400334894405,1
TCGA-AC-A2BM-01A-11R-A21T-07,0.686293791167239,1
TCGA-E9-A6HE-01A-11R-A31O-07,0.6944439615790188,1
TCGA-AO-A03O-01A-11R-A00Z-07,0.5900909273713524,1
TCGA-A2-A0EU-01A-22R-A056-07,0.9109500956074786,1
TCGA-A8-A06O-01A-11R-A00Z-07,0.8122142240317444,1
TCGA-BH-A0BT-01A-11R-A12P-07,0.6680686674868983,1
TCGA-A2-A0YT-01A-11R-A109-07,0.8634380220373088,1
TCGA-E2-A14R-01A-11R-A115-07,0.44218496283072173,1
TCGA-B6-A0IC-01A-11R-A034-07,0.41119061894283593,0
TCGA-AC-A5XU-01A-11R-A28M-07,0.49278149887157247,1
TCGA-AR-A250-01A-31R-A169-07,0.8735766409650724,0
TCGA-D8-A1XZ-01A-11R-A14M-07,0.8643951423244534,1
TCGA-B6-A0I9-01A-11R-A034-07,0.7736862031045549,1
TCGA-B6-A0IA-01A-11R-A034-07,0.3986788161176122,1
TCGA-E2-A14N-01A-31R-A137-07,0.3209173258098734,0
TCGA-PL-A8LY-01A-11R-A41B-07,0.6960832232629015,1
TCGA-LL-A441-01A-11R-A24H-07,0.8193194901214742,1
TCGA-A8-A08S-01A-11R-A034-07,0.8175392768133792,0
TCGA-A8-A09V-01A-11R-A034-07,0.607463466655638,1
TCGA-BH-A209-01A-11R-A157-07,0.681898246263839,1
TCGA-GM-A5PX-01A-12R-A28M-07,0.7237966681388726,1
TCGA-A8-A085-01A-11R-A00Z-07,0.7684807209252027,1
TCGA-A2-A25E-01A-11R-A169-07,0.7615558533957709,0
TCGA-D8-A1JG-01B-11R-A13Q-07,0.5250085261483225,1
TCGA-AC-A2FO-01A-11R-A180-07,0.8623173541371125,1
TCGA-B6-A3ZX-01A-11R-A239-07,0.44031341861896384,1
TCGA-AN-A0FT-01A-11R-A034-07,0.7083919143989452,1
TCGA-AQ-A04H-01B-11R-A10J-07,0.5510421201122808,1
TCGA-AR-A1AR-01A-31R-A137-07,0.3062779878403838,1
TCGA-A2-A0CS-01A-11R-A115-07,0.890786244857875,1
TCGA-A2-A1FZ-01A-51R-A14D-07,0.9348549707699799,1
TCGA-AC-A8OQ-01A-11R-A41B-07,0.7320929079632923,1
TCGA-AR-A0TR-01A-11R-A084-07,0.3168148715978761,1
TCGA-C8-A12M-01A-11R-A115-07,0.34713486921621417,1
TCGA-A1-A0SM-01A-11R-A084-07,0.8362246160650256,1
TCGA-BH-A1ET-01A-11R-A137-07,0.7406104827980293,1
TCGA-A8-A0A1-01A-11R-A00Z-07,0.8978806596121284,1
TCGA-C8-A1HG-01A-11R-A137-07,0.37860248665404284,1
TCGA-E9-A1NF-01A-11R-A14D-07,0.9295380319469494,1
TCGA-A2-A0D4-01A-11R-A00Z-07,0.6418741099038855,1
TCGA-BH-A2L8-01A-11R-A18M-07,0.8806663814170912,1
TCGA-A8-A093-01A-11R-A00Z-07,0.8227449180711639,1
TCGA-D8-A1Y3-01A-11R-A157-07,0.3384636431841681,1
TCGA-AR-A1AY-01A-21R-A12P-07,0.37182507330413533,1
TCGA-AO-A12F-01A-11R-A115-07,0.5144987683656387,1
TCGA-AN-A0FL-01A-11R-A034-07,0.25360183908750866,1
TCGA-AR-A0TQ-01A-11R-A084-07,0.7046137612229698,1
TCGA-A2-A0CP-01A-11R-A034-07,0.8468888242039262,0
TCGA-AO-A129-01A-21R-A10J-07,0.7303945476353231,1
TCGA-D8-A1JH-01A-11R-A13Q-07,0.947996185916188,1
TCGA-BH-A18K-01A-11R-A12D-07,0.9495128864550362,1
TCGA-B6-A0IM-01A-11R-A034-07,0.6790975607789204,1
TCGA-AO-A0J4-01A-11R-A034-07,0.6786427024466669,0
TCGA-AR-A1AW-01A-21R-A12P-07,0.6659650197547881,1
TCGA-AC-A62Y-01A-11R-A29R-07,0.9030055733201408,0
TCGA-A1-A0SH-01A-11R-A084-07,0.8148298101199292,1
TCGA-A8-A08C-01A-11R-A00Z-07,0.5891049532785639,1
TCGA-A2-A3XU-01A-12R-A22U-07,0.10137409705914875,1
TCGA-E2-A1LB-01A-11R-A144-07,0.61684905435915,1
TCGA-D8-A1JJ-01A-31R-A14M-07,0.9125839414029304,1
TCGA-AN-A049-01A-21R-A00Z-07,0.891191899344314,1
TCGA-A1-A0SN-01A-11R-A144-07,0.783976194283992,0
TCGA-EW-A1IW-01A-11R-A13Q-07,0.9309696427461436,1
TCGA-LQ-A4E4-01A-11R-A266-07,0.5454079096903429,1
TCGA-E9-A5UP-01A-11R-A28M-07,0.46859429920757956,0
TCGA-EW-A1IY-01A-11R-A13Q-07,0.5968850581198868,1
TCGA-AN-A0XW-01A-11R-A109-07,0.8705467880124934,1
TCGA-AR-A24S-01A-11R-A169-07,0.8235129125870229,1
TCGA-AR-A2LM-01A-11R-A180-07,0.8562589417016292,1
TCGA-E9-A1NE-01A-21R-A14M-07,0.7973775851583063,1
TCGA-LL-A9Q3-01A-11R-A41B-07,0.5106595073083783,1
TCGA-AC-A8OP-01A-11R-A36F-07,0.8643859942173374,1
TCGA-E2-A572-01A-13R-A31O-07,0.12428854089322412,1
TCGA-B6-A0IP-01A-11R-A034-07,0.9200108222648326,1
TCGA-C8-A135-01A-11R-A115-07,0.7297229888952281,0
TCGA-D8-A1XL-01A-11R-A14M-07,0.8034971004163617,0
TCGA-EW-A1PC-01B-11R-A21T-07,0.5540266071385443,0
TCGA-AO-A03M-01B-11R-A10J-07,0.7079798544779875,0
TCGA-AN-A0FN-01A-11R-A034-07,0.8624605470235267,1
TCGA-A7-A4SD-01A-11R-A266-07,0.5741485218300363,1
TCGA-BH-A0HN-01A-11R-A10U-07,0.3630100318165676,1
TCGA-S3-A6ZH-01A-22R-A32P-07,0.7984188374800265,0
TCGA-AC-A3QP-01A-11R-A22U-07,0.7772086578843017,0
TCGA-5L-AAT1-01A-12R-A41B-07,0.7594037441300558,1
TCGA-AN-A0FY-01A-11R-A034-07,0.7704327890092666,0
TCGA-BH-A0BA-01A-11R-A056-07,0.8604426055639444,1
TCGA-A2-A0CU-01A-12R-A034-07,0.8572639351534517,1
TCGA-D8-A143-01A-11R-A115-07,0.3887293369486487,1
TCGA-BH-A0DE-01A-11R-A115-07,0.8720132179835618,1
TCGA-A2-A0EO-01A-11R-A034-07,0.8714418471196683,1
TCGA-AO-A0JF-01A-11R-A056-07,0.8479835273843602,1
TCGA-A8-A09E-01A-11R-A00Z-07,0.6587161866649303,1
TCGA-BH-A0AZ-01A-21R-A12P-07,0.9319913904682091,1
TCGA-GM-A2DN-01A-11R-A180-07,0.8638291860638869,1
TCGA-E2-A15T-01A-11R-A115-07,0.7533791967276653,1
TCGA-BH-A1F6-01A-11R-A13Q-07,0.5346863161786605,0
TCGA-BH-A0DX-01A-11R-A115-07,0.9065279346299577,1
TCGA-EW-A3U0-01A-11R-A22K-07,0.6797895800485284,0
TCGA-BH-A0DV-01A-21R-A12P-07,0.8431193771374681,1
TCGA-AC-A3TN-01A-11R-A22K-07,0.6179236006791442,1
TCGA-A1-A0SK-01A-12R-A084-07,0.09438415830349935,1
TCGA-B6-A0X5-01A-21R-A109-07,0.31004046494440957,1
TCGA-A2-A0YC-01A-11R-A109-07,0.8551942586565601,0
TCGA-A2-A0CZ-01A-11R-A034-07,0.8096136514065756,0
TCGA-C8-A27A-01A-11R-A169-07,0.39846860866946365,1
TCGA-AR-A1AP-01A-11R-A12P-07,0.8932961171682094,1
TCGA-BH-A0B4-01A-11R-A00Z-07,0.8802674929816369,0
TCGA-BH-A0BV-01A-11R-A00Z-07,0.864327396097769,1
TCGA-AN-A0XO-01A-11R-A109-07,0.8942546238390319,0
TCGA-AC-A2QJ-01A-12R-A19W-07,0.11335175146643373,1
TCGA-GM-A2DD-01A-11R-A180-07,0.6834872975065164,0
TCGA-AR-A1AV-01A-21R-A12P-07,0.9336339025163235,1
TCGA-D8-A1XF-01A-11R-A14D-07,0.3007826824096611,1
TCGA-LL-A6FP-01A-11R-A31O-07,0.2517238964094399,1
TCGA-D8-A1XA-01A-11R-A14D-07,0.8341706300569439,1
TCGA-C8-A26V-01A-11R-A16F-07,0.733085398225057,1
TCGA-PE-A5DC-01A-12R-A27Q-07,0.8156993423789696,0
TCGA-E2-A1LH-01A-11R-A14D-07,0.5485191044062441,1
TCGA-BH-A0B9-01A-11R-A056-07,0.23731388759625627,1
TCGA-E9-A1N8-01A-11R-A144-07,0.3752183648921558,1
TCGA-AC-A62V-01A-11R-A31O-07,0.24237353809495427,1
TCGA-EW-A1PH-01A-11R-A14M-07,0.5048547199068789,1
TCGA-AR-A5QP-01A-11R-A28M-07,0.8794355006499376,1
TCGA-BH-A5J0-01A-11R-A27Q-07,0.6592076358940416,1
TCGA-A1-A0SB-01A-11R-A144-07,0.4145308980664318,1
TCGA-B6-A0IK-01A-12R-A056-07,0.7135767440982393,1
TCGA-A8-A06Q-01A-11R-A034-07,0.33528383242976934,0
TCGA-AR-A2LH-01A-31R-A18M-07,0.733669133873568,1
TCGA-AR-A24Z-01A-11R-A169-07,0.6130254206924884,1
TCGA-Z7-A8R5-01A-42R-A41B-07,0.7837494821489135,1
TCGA-A8-A0A9-01A-11R-A00Z-07,0.9452726103503691,0
TCGA-D8-A1JA-01A-11R-A13Q-07,0.4660646195929642,1
TCGA-AN-A0FK-01A-11R-A034-07,0.8812203249565598,1
TCGA-GM-A2DL-01A-11R-A18M-07,0.8754782118821391,1
TCGA-EW-A1P6-01A-11R-A144-07,0.9038462904975698,1
TCGA-BH-A0EA-01A-11R-A115-07,0.7996356350063956,1
TCGA-BH-A8FY-01A-11R-A36F-07,0.5405128129557245,1
TCGA-E2-A1L9-01A-11R-A13Q-07,0.9179225538715722,1
TCGA-E9-A1R2-01A-11R-A14D-07,0.8712600515914058,1
TCGA-AC-A2FM-01A-11R-A19W-07,0.5124307771380185,1
TCGA-E2-A108-01A-13R-A10J-07,0.8396514215170181,1
TCGA-OL-A66O-01A-11R-A31O-07,0.5659433756699915,0
TCGA-C8-A275-01A-21R-A16F-07,0.6304689326603582,1
TCGA-B6-A0IO-01A-11R-A034-07,0.7994054004400158,1
TCGA-BH-A0HO-01A-11R-A034-07,0.5324243391816965,1
TCGA-EW-A1P8-01A-11R-A144-07,0.49798625119233464,1
TCGA-A2-A0D0-01A-11R-A00Z-07,0.22252127628671492,1
TCGA-A2-A0SX-01A-12R-A084-07,0.5790085971508454,1
TCGA-D8-A27I-01A-11R-A16F-07,0.923194597425782,0
TCGA-EW-A2FS-01A-11R-A17B-07,0.8867711438518828,0
TCGA-Z7-A8R6-01A-11R-A41B-07,0.8339330334244098,0
TCGA-E2-A15O-01A-11R-A115-07,0.6948816216957248,1
TCGA-V7-A7HQ-01A-11R-A33J-07,0.40053948306723025,1
TCGA-C8-A12W-01A-11R-A115-07,0.8486776934872536,1
TCGA-A7-A3IY-01A-21R-A21T-07,0.8566179092644244,1
TCGA-A8-A08B-01A-11R-A00Z-07,0.7107783310183627,1
TCGA-5T-A9QA-01A-11R-A41B-07,0.427129737378116,1
TCGA-E2-A106-01A-11R-A10J-07,0.7078941238734247,1
TCGA-E2-A1B6-01A-31R-A12P-07,0.5624446191071555,1
TCGA-AC-A2FF-01A-11R-A17B-07,0.8746328105601491,0
TCGA-EW-A1PA-01A-11R-A144-07,0.8057204574713931,1
TCGA-D8-A27T-01A-11R-A16F-07,0.8200199238984495,1
TCGA-LD-A66U-01A-11R-A31O-07,0.7244043472717038,1
TCGA-A8-A07Z-01A-11R-A00Z-07,0.5157185457945543,1
TCGA-AR-A1AO-01A-11R-A12P-07,0.8119804682344973,1
TCGA-E2-A573-01A-11R-A29R-07,0.519952288157816,1
TCGA-AC-A2FB-01A-11R-A17B-07,0.7784288826562862,1
TCGA-AN-A0G0-01A-11R-A034-07,0.4850345334197101,1
TCGA-BH-A0H5-01A-21R-A115-07,0.7481390714036928,1
TCGA-A8-A07S-01A-11R-A034-07,0.7866241867045004,1
TCGA-E9-A3QA-01A-61R-A22K-07,0.40984030994397413,1
TCGA-A1-A0SI-01A-11R-A144-07,0.8333857678470545,0
TCGA-A8-A09W-01A-11R-A00Z-07,0.6698408007129749,1
TCGA-BH-A1F0-01A-11R-A137-07,0.6040816075655902,1
TCGA-A2-A0D2-01A-21R-A034-07,0.4248635873535536,1
TCGA-OL-A5D8-01A-11R-A27Q-07,0.756703437066781,1
TCGA-BH-A18G-01A-11R-A12D-07,0.5808651754269764,1
TCGA-A2-A0YI-01A-31R-A10J-07,0.8114819248765257,1
TCGA-A8-A0A4-01A-11R-A00Z-07,0.7861276874594536,1
TCGA-A7-A425-01A-11R-A24H-07,0.8045469940940533,1
TCGA-E9-A22A-01A-11R-A157-07,0.7576152618507208,1
TCGA-A8-A08J-01A-11R-A00Z-07,0.7950188277594807,1
TCGA-A2-A3Y0-01A-11R-A239-07,0.32102523003242567,0
TCGA-AC-A2BK-01A-11R-A21T-07,0.13273422559631753,1
TCGA-B6-A0IN-01A-11R-A034-07,0.737792593874931,0
TCGA-D8-A1JD-01A-11R-A13Q-07,0.91277150932413,0
TCGA-GM-A2DK-01A-21R-A180-07,0.8801719781712881,1
TCGA-OL-A5RX-01A-11R-A28M-07,0.9074877454479044,1
TCGA-A8-A08Z-01A-21R-A00Z-07,0.8315685574253211,1
TCGA-A2-A0YD-01A-11R-A109-07,0.8614087451574308,1
TCGA-A7-A3J1-01A-11R-A213-07,0.8218213631580692,1
TCGA-BH-A1FD-01A-11R-A13Q-07,0.6846323808411684,1
TCGA-A2-A0D1-01A-11R-A034-07,0.2966255669919653,0
TCGA-BH-A0BL-01A-11R-A115-07,0.7493057791343438,1
TCGA-E2-A1IH-01A-11R-A13Q-07,0.8640819125949838,1
TCGA-AR-A0TU-01A-31R-A109-07,0.20636223829641173,1
TCGA-AC-A2FG-01A-11R-A17B-07,0.8321006860662147,1
TCGA-GM-A4E0-01A-12R-A266-07,0.7380081892884046,0
TCGA-AC-A3W7-01A-11R-A22K-07,0.9070090531363465,1
TCGA-A8-A083-01A-21R-A00Z-07,0.49032091671539246,1
TCGA-A2-A0EN-01A-13R-A084-07,0.9352463452021872,1
TCGA-D8-A1Y0-01A-11R-A14M-07,0.8212824778640126,0
TCGA-AR-A1AK-01A-21R-A12P-07,0.7436984648079058,1
TCGA-AC-A7VC-01A-11R-A352-07,0.27127355882972337,1
TCGA-A7-A0CJ-01A-21R-A00Z-07,0.6795158651908051,1
TCGA-AO-A03U-01B-21R-A10J-07,0.4493745466828189,1
TCGA-E2-A2P5-01A-11R-A19W-07,0.7407205703612195,1
TCGA-E2-A15S-01A-11R-A115-07,0.4166003541168609,1
TCGA-A1-A0SJ-01A-11R-A084-07,0.8310346909604963,0
TCGA-A2-A04N-01A-11R-A115-07,0.9331998061268656,1
TCGA-B6-A401-01A-11R-A239-07,0.8142329654951174,0
TCGA-D8-A1JU-01A-11R-A13Q-07,0.7992879129512301,1
TCGA-B6-A40B-01A-11R-A239-07,0.7696563443043076,1
TCGA-LD-A9QF-01A-32R-A41B-07,0.8225044425334608,0
TCGA-AO-A03T-01A-21R-A034-07,0.5671260668161788,0
TCGA-E9-A3Q9-01A-11R-A21T-07,0.6086907094331558,0
TCGA-D8-A1JP-01A-11R-A13Q-07,0.7936004937851854,1
TCGA-BH-A18I-01A-11R-A12D-07,0.7388693179846386,1
TCGA-BH-A28Q-01A-11R-A16F-07,0.8518541303574808,1
TCGA-EW-A1OW-01A-21R-A144-07,0.8024457616982223,1
TCGA-BH-A18R-01A-11R-A12D-07,0.772107063201548,1
TCGA-AO-A0J8-01A-21R-A034-07,0.9386065945140877,0
TCGA-AC-A3BB-01A-21R-A19W-07,0.9086659763600237,0
TCGA-E9-A247-01A-11R-A169-07,0.6429565649626197,1
TCGA-D8-A73U-01A-11R-A33J-07,0.7104587108279943,0
TCGA-BH-A18V-01A-11R-A12D-07,0.34503994686659056,1
TCGA-BH-A0C1-01B-11R-A12D-07,0.8719856426130785,0
TCGA-AC-A3W6-01A-12R-A22K-07,0.8994741163366154,1
TCGA-BH-A1FR-01A-11R-A13Q-07,0.7150122795185506,1
TCGA-A2-A1G0-01A-11R-A13Q-07,0.6882398408844104,0
TCGA-BH-A0DQ-01A-11R-A084-07,0.9322239673910341,1
TCGA-A2-A0ER-01A-21R-A034-07,0.8001043578402237,1
TCGA-D8-A27P-01A-11R-A16F-07,0.7235544246980052,1
TCGA-B6-A1KN-01A-11R-A13Q-07,0.7979946227601127,1
TCGA-E9-A228-01A-31R-A157-07,0.7394900606587432,1
TCGA-BH-A0B2-01A-11R-A10J-07,0.8883007694503685,1
TCGA-B6-A0X4-01A-11R-A109-07,0.42824417572696655,0
TCGA-BH-A1EY-01A-11R-A13Q-07,0.7747154527286323,1
TCGA-BH-A0HX-01A-21R-A056-07,0.8971579898486629,1
TCGA-A8-A094-01A-11R-A00Z-07,0.7315593335897767,1
TCGA-AO-A1KR-01A-12R-A144-07,0.20392245573241258,0
TCGA-A2-A0CV-01A-31R-A115-07,0.6586650978231624,1
TCGA-A8-A076-01A-21R-A00Z-07,0.913482846234608,1
TCGA-E9-A1RE-01A-11R-A157-07,0.7833747868933777,1
TCGA-S3-A6ZG-01A-22R-A32P-07,0.8162796833820264,1
TCGA-A8-A06Z-01A-11R-A00Z-07,0.6346711258747695,1
TCGA-BH-A8FZ-01A-11R-A352-07,0.6665357502777705,1
TCGA-LL-A440-01A-11R-A24H-07,0.8400849860982276,1
TCGA-E9-A249-01A-11R-A169-07,0.7247743895801655,1
TCGA-PL-A8LX-01A-11R-A41B-07,0.31321813879002103,1
TCGA-E2-A1L8-01A-11R-A13Q-07,0.9059292193392476,1
TCGA-EW-A6SD-01A-12R-A33J-07,0.764074310560357,1
TCGA-AO-A0JL-01A-11R-A056-07,0.4867707359993534,1
TCGA-MS-A51U-01A-31R-A266-07,0.857173034906094,1
TCGA-BH-A0E7-01A-11R-A034-07,0.6801237339349903,1
TCGA-E9-A22G-01A-11R-A157-07,0.20456129774988138,1
TCGA-A8-A08R-01A-11R-A034-07,0.5236163501399563,1
TCGA-A2-A4S1-01A-21R-A266-07,0.2044472844252456,1
TCGA-E2-A1II-01A-11R-A144-07,0.22384417476388002,1
TCGA-A7-A3J0-01A-11R-A213-07,0.40655558367858985,0
TCGA-BH-A0B8-01A-21R-A056-07,0.7466337480509259,0
TCGA-AR-A24L-01A-11R-A169-07,0.8014549037766722,1
TCGA-EW-A1J3-01A-11R-A13Q-07,0.8619834113112566,1
TCGA-AR-A5QM-01A-11R-A27Q-07,0.8869597955240386,1
TCGA-AO-A1KS-01A-11R-A13Q-07,0.6029033198476853,1
TCGA-D8-A1JI-01A-11R-A13Q-07,0.5970015927471138,1
TCGA-A8-A09N-01A-11R-A00Z-07,0.6883389249285498,1
TCGA-BH-A203-01A-12R-A169-07,0.659482109835921,1
TCGA-AR-A2LQ-01A-22R-A18M-07,0.8395965660687854,1
TCGA-AR-A251-01A-12R-A169-07,0.4808209819291889,1
TCGA-BH-A18J-01A-11R-A12D-07,0.8259958950576168,1
TCGA-D8-A1XM-01A-21R-A14M-07,0.9199718336299789,1
TCGA-BH-A0HA-01A-11R-A12P-07,0.8266266802823308,1
TCGA-AR-A0U2-01A-11R-A109-07,0.49276148177811735,1
TCGA-E2-A1B1-01A-21R-A12P-07,0.7683210913858133,1
TCGA-AC-A62X-01A-11R-A29R-07,0.22315980870626587,0
TCGA-A7-A5ZW-01A-12R-A29R-07,0.9330009240893425,1
TCGA-BH-A28O-01A-11R-A22K-07,0.7004400511349412,1
TCGA-D8-A1XQ-01A-11R-A14M-07,0.5150416935050172,0
TCGA-E9-A248-01A-11R-A169-07,0.5181565828388045,1
TCGA-A8-A07E-01A-11R-A034-07,0.8497669501699263,1
TCGA-AC-A23E-01A-11R-A157-07,0.8612401351496877,1
TCGA-E9-A1N4-01A-11R-A14M-07,0.5230737272239657,1
TCGA-E2-A15H-01A-11R-A12D-07,0.9123744473183504,0
TCGA-E2-A1IJ-01A-11R-A144-07,0.8967240459815519,1
TCGA-D8-A1XR-01A-11R-A14M-07,0.6200209562793189,1
TCGA-A8-A075-01A-11R-A084-07,0.8413848836873865,1
TCGA-A8-A06U-01A-11R-A00Z-07,0.8409142260870124,0
TCGA-B6-A0X7-01A-11R-A10J-07,0.9149246627725323,1
TCGA-AQ-A04J-01A-02R-A034-07,0.7781116852855272,1
TCGA-A2-A0CQ-01A-21R-A034-07,0.710006418671416,1
TCGA-A8-A07F-01A-11R-A00Z-07,0.8134125336379882,1
TCGA-A8-A082-01A-11R-A00Z-07,0.6904034010651613,1
TCGA-AN-A0XT-01A-11R-A109-07,0.6605557034562671,1
TCGA-AR-A24X-01A-11R-A169-07,0.879564578142233,0
TCGA-A2-A04Y-01A-21R-A034-07,0.8775981008542252,1
TCGA-A2-A1G4-01A-11R-A13Q-07,0.6953304455016528,1
TCGA-B6-A0IE-01A-11R-A034-07,0.7749285459187685,1
TCGA-A8-A079-01A-21R-A00Z-07,0.653419718076872,1
TCGA-E2-A15E-01A-11R-A12D-07,0.8845327394418595,1
TCGA-E9-A1R3-01A-31R-A14M-07,0.6603839620791899,1
TCGA-AR-A0TT-01A-31R-A084-07,0.7451416140455507,0
TCGA-S3-AA0Z-01A-11R-A41B-07,0.2622413060444482,1
TCGA-BH-A0E1-01A-11R-A056-07,0.7934348854173804,1
TCGA-AC-A23G-01A-11R-A213-07,0.8186370141611969,1
TCGA-GM-A3XG-01A-31R-A24H-07,0.6275394963158072,1
TCGA-AR-A1AM-01A-41R-A22K-07,0.8999815409057501,0
TCGA-E9-A1N5-01A-11R-A14D-07,0.9055404280846165,1
TCGA-A2-A3XX-01A-21R-A239-07,0.5342748936092885,1
TCGA-BH-A0BQ-01A-21R-A115-07,0.8954841457687542,1
TCGA-EW-A1P7-01A-21R-A144-07,0.7473002058914773,1
TCGA-BH-A5IZ-01A-11R-A27Q-07,0.3462593466162485,1
TCGA-D8-A1X7-01A-11R-A14M-07,0.6564381741330835,0
TCGA-BH-A0DP-01A-21R-A056-07,0.899338117934157,1
TCGA-AC-A7VB-01A-11R-A352-07,0.41100038201766026,0
TCGA-A2-A0ST-01A-12R-A084-07,0.4692701539395451,1
TCGA-A2-A0ES-01A-11R-A115-07,0.732610806242993,1
TCGA-BH-A0DT-01A-21R-A12D-07,0.8992663205072036,1
TCGA-AN-A0AR-01A-11R-A00Z-07,0.38873777416248056,1
TCGA-A2-A0YJ-01A-11R-A109-07,0.39056208956803007,0
TCGA-D8-A4Z1-01A-21R-A266-07,0.8663685601082567,0
TCGA-AO-A0JC-01A-11R-A056-07,0.44871348390001864,1
TCGA-A2-A04Q-01A-21R-A034-07,0.5046505409144022,0
TCGA-GM-A2DF-01A-11R-A180-07,0.5026627010157944,1
TCGA-GM-A2DI-01A-31R-A18M-07,0.7900755933047326,1
TCGA-LL-A5YO-01A-21R-A28M-07,0.5130031349450577,0
TCGA-EW-A3E8-01B-11R-A24H-07,0.8763229264064692,0
TCGA-BH-A0E9-01B-11R-A115-07,0.8483630910463217,1
TCGA-AR-A1AH-01A-11R-A12D-07,0.34470536832734117,1
TCGA-E2-A10A-01A-21R-A115-07,0.8698204395429789,1
TCGA-C8-A1HF-01A-11R-A137-07,0.809948469304914,1
TCGA-A7-A13H-01A-11R-A22K-07,0.8853347424506747,1
TCGA-A7-A13F-01A-11R-A12P-07,0.6584309379150268,1
TCGA-D8-A1XV-01A-11R-A14M-07,0.6527781387802031,0
TCGA-E2-A574-01A-11R-A29R-07,0.21497371301713467,1
TCGA-GM-A5PV-01A-11R-A28M-07,0.8095704753488983,1
TCGA-EW-A1PB-01A-11R-A144-07,0.298722437349642,0
TCGA-E2-A1IO-01A-11R-A144-07,0.9420958662880753,1
TCGA-B6-A0RH-01A-21R-A115-07,0.8239006648044954,1
TCGA-BH-A0B7-01A-12R-A115-07,0.8605056686410825,1
TCGA-C8-A137-01A-11R-A115-07,0.5984978998341984,0
TCGA-LL-A8F5-01A-11R-A36F-07,0.34978833659029757,1
TCGA-AQ-A0Y5-01A-11R-A14M-07,0.8507891069882776,1
TCGA-D8-A13Z-01A-11R-A115-07,0.49890613351388974,0
TCGA-A2-A4RX-01A-11R-A266-07,0.6610517884168094,1
TCGA-AR-A24U-01A-11R-A169-07,0.6821072888071177,1
TCGA-E2-A105-01A-11R-A10J-07,0.5213573787273276,1
TCGA-C8-A1HN-01A-11R-A137-07,0.6262566528561472,1
TCGA-BH-A18S-01A-11R-A12D-07,0.7307639226437009,1
TCGA-E2-A14Q-01A-11R-A12D-07,0.7569683054770325,1
TCGA-A7-A0DA-01A-31R-A115-07,0.7344483472606167,1
TCGA-EW-A1P4-01A-21R-A144-07,0.4056115295524718,1
TCGA-A8-A081-01A-11R-A00Z-07,0.6532782554071648,1
TCGA-BH-A0E0-01A-11R-A056-07,0.5196578109829452,1
TCGA-OL-A66N-01A-12R-A31O-07,0.7187095880483134,0
TCGA-E2-A2P6-01A-11R-A19W-07,0.7007273798665719,0
TCGA-BH-A0DK-01A-21R-A056-07,0.8565297555072072,1
TCGA-E9-A5UO-01A-11R-A28M-07,0.2490640842146708,1
TCGA-D8-A1JC-01A-11R-A13Q-07,0.8296636711757865,1
TCGA-C8-A134-01A-11R-A115-07,0.38568498835424825,1
TCGA-A2-A3XT-01A-11R-A22U-07,0.47189465487751225,1
TCGA-AR-A256-01A-11R-A169-07,0.26339001165548515,1
TCGA-D8-A1JL-01A-11R-A13Q-07,0.5967849105010445,1
TCGA-E9-A24A-01A-11R-A169-07,0.5629941859172174,1
TCGA-A2-A3XZ-01A-42R-A239-07,0.7380570419871293,1
TCGA-BH-A0BF-01A-21R-A12P-07,0.8250529390886402,1
TCGA-D8-A27F-01A-11R-A16F-07,0.4340449158147245,1
TCGA-A2-A0CY-01A-12R-A034-07,0.2605686188306743,1
TCGA-D8-A27E-01A-11R-A16F-07,0.5292809535480031,0
TCGA-A2-A0EP-01A-52R-A22U-07,0.8095500726930142,1
TCGA-GI-A2C8-01A-11R-A16F-07,0.6934153398039826,1
TCGA-A8-A099-01A-11R-A00Z-07,0.6101134348704291,0
TCGA-A2-A04U-01A-11R-A115-07,0.20793531185258649,1
TCGA-BH-A0HP-01A-12R-A084-07,0.8164277443476565,1
TCGA-EW-A2FV-01A-11R-A17B-07,0.8171144270388425,1
TCGA-A2-A0CR-01A-11R-A22K-07,0.4982310256501967,1
TCGA-BH-A0DS-01A-11R-A056-07,0.9126659438144256,1
TCGA-D8-A1XC-01A-11R-A14D-07,0.6946000766139976,1
TCGA-E2-A14O-01A-31R-A115-07,0.48232630630274376,1
TCGA-A1-A0SF-01A-11R-A144-07,0.8819990575039965,1
TCGA-A8-A06X-01A-21R-A00Z-07,0.7294186589610858,1
TCGA-BH-A0HI-01A-11R-A084-07,0.8791281053006881,1
TCGA-E2-A14U-01A-11R-A22K-07,0.6559362690275007,1
TCGA-E2-A15A-01A-11R-A12D-07,0.8574881910967815,0
TCGA-A2-A1G6-01A-11R-A13Q-07,0.6950127049146515,1
TCGA-B6-A1KC-01B-11R-A157-07,0.3202060663341346,1
TCGA-OL-A5RZ-01A-11R-A28M-07,0.44551866557514863,1
TCGA-A8-A07I-01A-11R-A00Z-07,0.8155786492374049,0
TCGA-A2-A0T0-01A-22R-A084-07,0.4529479359106647,1
TCGA-BH-A42V-01A-11R-A24H-07,0.869915943964336,1
TCGA-GM-A3XN-01A-12R-A22U-07,0.9057252697476191,1
TCGA-D8-A3Z6-01A-11R-A239-07,0.8301612428432606,1
TCGA-B6-A0IQ-01A-11R-A034-07,0.20108544096222597,1
TCGA-A8-A095-01A-11R-A00Z-07,0.9004381634899544,1
TCGA-AO-A125-01A-11R-A10J-07,0.5540983136687708,1
TCGA-EW-A6SA-01A-21R-A32P-07,0.4367807877224741,0
TCGA-BH-A0DD-01A-31R-A12P-07,0.8438127401208714,1
TCGA-AO-A0J3-01A-11R-A034-07,0.4627346937192034,0
TCGA-A2-A3XS-01A-11R-A22U-07,0.7002414213794795,0
TCGA-AC-A8OR-01A-21R-A41B-07,0.7807995669558371,1
TCGA-BH-A0HK-01A-11R-A056-07,0.6860155669226174,1
TCGA-E2-A1IG-01A-11R-A144-07,0.8229073580600659,1
TCGA-AO-A12B-01A-11R-A10J-07,0.69446690484499,1
TCGA-EW-A1J5-01A-11R-A13Q-07,0.7990685375726307,1
TCGA-C8-A12Q-01A-11R-A115-07,0.9113845612663578,1
TCGA-A2-A0EQ-01A-11R-A034-07,0.620095633316211,0
TCGA-GM-A3XL-01A-11R-A22U-07,0.33559134866386553,1
TCGA-BH-A1EU-01A-11R-A137-07,0.7640267855981766,1
TCGA-BH-A0RX-01A-21R-A084-07,0.6064102124937943,1
TCGA-E9-A1RF-01A-11R-A157-07,0.8459956245890293,1
TCGA-AC-A2QI-01A-12R-A19W-07,0.8323160109039451,1
TCGA-A8-A090-01A-11R-A00Z-07,0.7651519644576148,0
TCGA-AR-A5QQ-01A-11R-A28M-07,0.24907538712010047,1
TCGA-XX-A899-01A-11R-A36F-07,0.8942515247265627,1
TCGA-E2-A156-01A-11R-A12D-07,0.5906399456971178,1
TCGA-AN-A04C-01A-21R-A034-07,0.6864527305290102,0
TCGA-AN-A0AT-01A-11R-A034-07,0.40942844590353594,1
TCGA-UL-AAZ6-01A-11R-A41B-07,0.6673516145483216,1
TCGA-D8-A1X9-01A-12R-A157-07,0.8512783323813119,1
TCGA-E9-A22E-01A-11R-A157-07,0.8430305538610333,1
TCGA-BH-A1FB-01A-11R-A13Q-07,0.832970185914865,1
TCGA-C8-A8HR-01A-11R-A36F-07,0.8674952754258028,1
TCGA-EW-A2FR-01A-11R-A21T-07,0.8788344847314371,1
TCGA-AN-A0AJ-01A-11R-A00Z-07,0.7211115206300418,1
TCGA-LD-A7W6-01A-81R-A352-07,0.8380856166398558,1
TCGA-BH-A0B6-01A-11R-A19W-07,0.6977255189626111,1
TCGA-AR-A252-01A-11R-A169-07,0.7928970390176613,1
TCGA-AR-A254-01A-21R-A169-07,0.7910582783458935,1
TCGA-AO-A03P-01A-11R-A00Z-07,0.5879295303523211,1
TCGA-A8-A07O-01A-11R-A00Z-07,0.3657933824282013,0
TCGA-EW-A1PE-01A-11R-A144-07,0.7863107610854903,0
TCGA-AR-A2LL-01A-11R-A180-07,0.8955405359677187,1
TCGA-A7-A26H-01A-11R-A169-07,0.8779487242023726,1
TCGA-C8-A26Z-01A-11R-A16F-07,0.831223363561001,1
TCGA-AO-A0J9-01A-11R-A034-07,0.8704464078807151,1
TCGA-EW-A1PF-01A-11R-A144-07,0.8461483839438103,1
TCGA-A2-A25F-01A-11R-A169-07,0.4294682952682314,1
TCGA-D8-A73W-01A-22R-A352-07,0.840378447550777,1
TCGA-AR-A2LJ-01A-12R-A19W-07,0.7424352277339017,0
TCGA-A8-A07C-01A-11R-A034-07,0.24888034857523159,1
TCGA-E9-A245-01A-22R-A16F-07,0.4778062033236469,0
TCGA-B6-A408-01A-12R-A24H-07,0.8138784944041102,0
TCGA-AR-A255-01A-11R-A169-07,0.9097891654480464,0
TCGA-E2-A1L6-01A-11R-A13Q-07,0.8496502690028506,0
TCGA-E9-A295-01A-11R-A16F-07,0.8641245975220618,1
TCGA-BH-A1FE-01A-11R-A13Q-07,0.8734059946805413,0
TCGA-BH-A1FM-01A-11R-A13Q-07,0.5169859380091375,0
TCGA-OL-A5RU-01A-11R-A28M-07,0.8813563013413738,1
TCGA-C8-A1HO-01A-11R-A13Q-07,0.399682785580973,0
TCGA-GM-A2DO-01A-11R-A18M-07,0.6027904556207874,0
TCGA-AN-A0FZ-01A-11R-A034-07,0.7868000200403299,1
TCGA-D8-A1JN-01A-11R-A13Q-07,0.43413079988148434,1
TCGA-OL-A6VO-01A-12R-A33J-07,0.41244014540867224,0
TCGA-AN-A0FV-01A-11R-A00Z-07,0.6615252239131586,1
TCGA-D8-A1J9-01A-11R-A13Q-07,0.8667015669753959,1
TCGA-B6-A0IB-01A-11R-A034-07,0.5862720654314657,1
TCGA-A8-A06R-01A-11R-A00Z-07,0.6872578241605105,0
TCGA-AR-A24H-01A-11R-A169-07,0.5804994133627985,1
TCGA-E2-A109-01A-11R-A10J-07,0.6755129678031969,1
TCGA-AR-A5QN-01A-12R-A28M-07,0.9429908909622334,1
TCGA-A2-A0EX-01A-21R-A034-07,0.8273928218137987,1
TCGA-C8-A12N-01A-11R-A115-07,0.9117839825174908,1
TCGA-A2-A259-01A-11R-A16F-07,0.8076520520169,1
TCGA-AO-A12A-01A-21R-A115-07,0.9232629396562543,0
TCGA-A7-A3RF-01A-11R-A22K-07,0.32250968721304324,1
TCGA-AN-A0FS-01A-11R-A034-07,0.8825684081074465,1
TCGA-C8-A26W-01A-11R-A16F-07,0.884131845298406,1
TCGA-E9-A1RC-01A-11R-A157-07,0.6987077864060736,1
TCGA-E2-A1B0-01A-11R-A12P-07,0.7013625263468471,1
TCGA-AO-A126-01A-11R-A10J-07,0.785692185596627,1
TCGA-AC-A4ZE-01A-11R-A41B-07,0.6396841585287014,0
TCGA-E9-A229-01A-31R-A157-07,0.8416090647193468,1
TCGA-EW-A1P1-01A-31R-A14D-07,0.8125077110249059,0
TCGA-BH-AB28-01A-31R-A41B-07,0.8466663289059503,1
TCGA-A8-A08P-01A-11R-A00Z-07,0.9065562911387918,0
TCGA-EW-A1IX-01A-12R-A144-07,0.8616562873809057,0
TCGA-LL-A73Z-01A-11R-A32P-07,0.8722791489892655,0
TCGA-E9-A1R7-01A-11R-A14M-07,0.5911066850103227,1
TCGA-BH-A1F2-01A-31R-A13Q-07,0.7397795188595627,0
TCGA-A8-A0A6-01A-12R-A056-07,0.8393082009858652,1
TCGA-A1-A0SE-01A-11R-A084-07,0.8367594777613345,1
TCGA-E9-A1NG-01A-21R-A14M-07,0.8502178542317466,1
TCGA-B6-A1KF-01A-11R-A13Q-07,0.49452993304665843,1
TCGA-BH-A0EE-01A-11R-A034-07,0.2361110179523186,1
TCGA-BH-A0BD-01A-11R-A034-07,0.7618160980019405,1
TCGA-OL-A5RY-01A-21R-A28M-07,0.8469968330003025,1
TCGA-E9-A1RD-01A-11R-A157-07,0.7183483680820877,1
TCGA-AR-A24K-01A-11R-A169-07,0.6171968536693392,1
TCGA-BH-A0BP-01A-11R-A115-07,0.9316175890417108,1
TCGA-C8-A130-01A-31R-A115-07,0.8690275988183406,1
TCGA-B6-A0RG-01A-11R-A056-07,0.8828283847719934,1
TCGA-E9-A1NA-01A-11R-A144-07,0.7536103666139358,1
TCGA-A8-A0A2-01A-11R-A034-07,0.7879457473844641,0
TCGA-E2-A14V-01A-11R-A12D-07,0.7257136210967712,0
TCGA-E2-A1LL-01A-11R-A144-07,0.4260369819659697,1
TCGA-AR-A24M-01A-11R-A169-07,0.7136034106304582,1
TCGA-A8-A0AB-01A-11R-A034-07,0.6962312873634596,1
TCGA-C8-A1HL-01A-11R-A137-07,0.8251734353491255,1
TCGA-OL-A66P-01A-11R-A31O-07,0.37884486504502796,0
TCGA-OL-A66K-01A-11R-A29R-07,0.8122863322081536,1
TCGA-BH-A0HF-01A-11R-A056-07,0.9251609402498456,1
TCGA-AN-A03X-01A-21R-A00Z-07,0.7705282723108708,1
TCGA-A2-A1FV-01A-11R-A13Q-07,0.4574451607462428,1
TCGA-E9-A3HO-01A-11R-A213-07,0.4265681184676008,1
TCGA-A2-A0YE-01A-11R-A109-07,0.3763146703009768,1
TCGA-A1-A0SP-01A-11R-A084-07,0.5007292449704249,1
TCGA-AO-A0J7-01A-11R-A034-07,0.7560903546947749,1
TCGA-C8-A3M7-01A-12R-A21T-07,0.9279693839842328,1
TCGA-A2-A0YG-01A-21R-A109-07,0.7163232200791462,1
TCGA-E2-A14Y-01A-21R-A12D-07,0.3624325146020546,1
TCGA-EW-A424-01A-11R-A24H-07,0.8476018941006378,1
TCGA-D8-A141-01A-11R-A115-07,0.8975117084332547,1
TCGA-C8-A1HJ-01A-11R-A13Q-07,0.2349816942121951,1
TCGA-C8-A12O-01A-11R-A115-07,0.8215988032995667,0
TCGA-LL-A442-01A-11R-A24H-07,0.49238689008163017,1
TCGA-C8-A12Z-01A-11R-A115-07,0.7601949954355521,1
TCGA-EW-A1OX-01A-11R-A144-07,0.24482343324333342,0
TCGA-E9-A1RG-01A-11R-A14D-07,0.49591400413746634,1
TCGA-AQ-A1H2-01A-11R-A13Q-07,0.6192184836431409,0
TCGA-AR-A24Q-01A-12R-A169-07,0.5474624036488176,1
TCGA-A8-A09K-01A-11R-A00Z-07,0.43200699383050634,1
TCGA-BH-A0W7-01A-11R-A115-07,0.887800701436831,1
TCGA-BH-A0H0-01A-11R-A056-07,0.6244181726623467,0
TCGA-AO-A0JD-01A-11R-A056-07,0.6461097247900289,1
TCGA-A2-A4RW-01A-21R-A266-07,0.9217037271198456,1
TCGA-C8-A12U-01A-11R-A115-07,0.28150130738878726,1
TCGA-C8-A12V-01A-11R-A115-07,0.5537661432403224,1
TCGA-E9-A1NC-01A-21R-A26B-07,0.7086221059971263,1
TCGA-AO-A12G-01A-11R-A10J-07,0.8277796817693512,0
TCGA-S3-AA11-01A-31R-A41B-07,0.8874124404973668,1
TCGA-BH-A0HQ-01A-11R-A034-07,0.8546824881004059,1
TCGA-AO-A03L-01A-41R-A056-07,0.8626671127540706,1
TCGA-C8-A1HM-01A-12R-A137-07,0.6653758405872906,1
TCGA-D8-A146-01A-31R-A115-07,0.9360055729764906,0
TCGA-A2-A0EV-01A-11R-A034-07,0.9303613844222675,1
TCGA-E2-A154-01A-11R-A115-07,0.9070913770170802,1
TCGA-E2-A1LE-01A-12R-A19W-07,0.778834291456463,1
TCGA-E9-A1R5-01A-11R-A14M-07,0.7386286036715535,1
TCGA-AC-A3EH-01A-22R-A22K-07,0.8858791728599253,1
TCGA-C8-A12Y-01A-11R-A12D-07,0.8168523866419296,1
TCGA-BH-A0E2-01A-11R-A056-07,0.9258785172123348,0
TCGA-D8-A1XG-01A-11R-A14D-07,0.7470446551600289,1
TCGA-OL-A5DA-01A-11R-A27Q-07,0.7494581630792447,1
TCGA-AC-A3HN-01A-11R-A213-07,0.9021151807722132,1
TCGA-B6-A0RP-01A-21R-A084-07,0.7751877157678801,1
TCGA-3C-AALI-01A-11R-A41B-07,0.5637451646312728,1
TCGA-D8-A1Y2-01A-11R-A157-07,0.8878449660845856,0
TCGA-S3-AA15-01A-11R-A41B-07,0.6771549667431781,1
TCGA-BH-A0W5-01A-11R-A109-07,0.8799246905895315,1
TCGA-A8-A097-01A-11R-A034-07,0.8198702564759814,1
TCGA-AO-A12D-01A-11R-A115-07,0.7193361717071708,1
TCGA-AN-A04A-01A-21R-A034-07,0.7500169738652078,1
TCGA-E2-A1B4-01A-11R-A12P-07,0.6471498020060418,1
TCGA-A8-A09R-01A-11R-A00Z-07,0.6365804817498776,1
TCGA-XX-A89A-01A-11R-A36F-07,0.9040536090270263,1
TCGA-AR-A24O-01A-11R-A169-07,0.7897160335431807,1
TCGA-E2-A1LG-01A-21R-A14M-07,0.34233778629838224,1
TCGA-AC-A8OS-01A-12R-A41B-07,0.7933643148886811,1
TCGA-HN-A2NL-01A-11R-A18M-07,0.20274283140839516,0
TCGA-E9-A1N6-01A-11R-A144-07,0.9023032009366246,0
TCGA-E2-A10C-01A-21R-A10J-07,0.66381155281982,1
TCGA-BH-A0AU-01A-11R-A12P-07,0.7851356872884376,0
TCGA-A2-A0EW-01A-21R-A115-07,0.821883616356918,1
TCGA-A8-A07B-01A-11R-A00Z-07,0.6904444271668531,1
TCGA-E2-A15K-01A-11R-A12P-07,0.7817291414008326,1
TCGA-EW-A6S9-01A-22R-A33J-07,0.8888855455689818,0
TCGA-AC-A3W5-01A-11R-A22K-07,0.8562480232819224,1
TCGA-BH-A0AV-01A-31R-A115-07,0.605133549382653,1
TCGA-A2-A0T7-01A-21R-A084-07,0.9142429724508897,0
TCGA-AO-A03V-01A-11R-A115-07,0.682306910050455,1
TCGA-BH-A0DZ-01A-11R-A00Z-07,0.764149370246382,1
TCGA-AN-A041-01A-11R-A034-07,0.8224078472061233,0
TCGA-B6-A0I5-01A-11R-A034-07,0.7439434691781791,1
TCGA-BH-A0BM-01A-11R-A056-07,0.7192213801931506,1
TCGA-BH-A0GZ-01A-11R-A056-07,0.9209279547288655,1
TCGA-LL-A5YN-01A-11R-A28M-07,0.5830315320616627,1
TCGA-B6-A0RM-01A-11R-A084-07,0.8310879011272251,0
TCGA-A2-A4S3-01A-21R-A266-07,0.642331545975793,1
TCGA-BH-A201-01A-11R-A14M-07,0.8968366617475665,1
TCGA-A2-A0SV-01A-11R-A084-07,0.8264331499066943,0
TCGA-A8-A07L-01A-11R-A00Z-07,0.6413983541084418,1
TCGA-AR-A2LN-01A-21R-A18M-07,0.7387756306466027,0
TCGA-C8-A278-01A-11R-A169-07,0.7850151202957107,1
TCGA-A2-A0CM-01A-31R-A034-07,0.46237438748172627,1
TCGA-C8-A1HE-01A-11R-A13Q-07,0.8827185311112529,1
TCGA-LL-A7T0-01A-31R-A352-07,0.788693477573027,0
TCGA-B6-A0WT-01A-11R-A109-07,0.8223495473244419,1
TCGA-OL-A5D6-01A-21R-A27Q-07,0.8154573744710888,1
TCGA-E2-A14S-01A-11R-A12D-07,0.816338944507459,0
TCGA-AQ-A1H3-01A-31R-A13Q-07,0.9187500401137892,1
TCGA-BH-A1F8-01A-11R-A13Q-07,0.5791042426914004,1
TCGA-A8-A0AD-01A-11R-A056-07,0.4473982302280352,1
TCGA-GM-A2DA-01A-11R-A18M-07,0.8010881307151289,1
TCGA-A2-A0T5-01A-21R-A084-07,0.8286714692520278,1
TCGA-A8-A09M-01A-11R-A00Z-07,0.7617334589895474,1
TCGA-B6-A0X1-01A-11R-A109-07,0.28811141714547095,0
TCGA-AN-A0XU-01A-11R-A109-07,0.5983280341010033,1
TCGA-BH-A1EV-01A-11R-A137-07,0.7028285186006961,1
TCGA-EW-A1OZ-01A-11R-A144-07,0.8288362799664043,1
TCGA-C8-A12X-01A-11R-A115-07,0.6035718467835479,1
TCGA-JL-A3YX-01A-11R-A22U-07,0.8541326548728511,1
TCGA-OL-A5D7-01A-11R-A27Q-07,0.18581820471903107,1
TCGA-E2-A1IK-01A-11R-A144-07,0.6848820419308786,0
TCGA-A2-A0CW-01A-21R-A115-07,0.5985949059073608,0
TCGA-A2-A0ET-01A-31R-A034-07,0.32576493715207,1
TCGA-B6-A400-01A-11R-A239-07,0.4928968553801157,1
